0 0.080080 0.737305 0.156252 0.224610
1 0.087892 0.065430 0.046873 0.044921
1 0.440428 0.075195 0.048827 0.044921
1 0.358398 0.095704 0.033203 0.035156
1 0.154298 0.141602 0.035157 0.033202
1 0.132811 0.250001 0.039061 0.039061
1 0.475585 0.280272 0.037111 0.037110
1 0.345703 0.316405 0.039061 0.039061
1 0.300779 0.430664 0.042969 0.037110
1 0.122070 0.449220 0.044923 0.039061
1 0.387697 0.482422 0.044923 0.042970
1 0.584959 0.447265 0.056639 0.054688
1 0.417970 0.400391 0.039061 0.042970
1 0.453123 0.339843 0.035157 0.035156
1 0.414062 0.317382 0.035157 0.029297
1 0.533203 0.260743 0.035157 0.037110
1 0.570314 0.159180 0.031249 0.029297
1 0.859373 0.125978 0.027345 0.029297
1 0.804688 0.266602 0.046873 0.044921
1 0.634766 0.307618 0.035157 0.033202
1 0.882814 0.313477 0.031249 0.033202
1 0.742186 0.477539 0.046873 0.052734
1 0.520508 0.535156 0.041015 0.039061
1 0.436524 0.678712 0.056639 0.056639
1 0.526366 0.744142 0.041015 0.035156
1 0.707029 0.679689 0.046873 0.046875
1 0.851561 0.696290 0.070314 0.072266
1 0.750977 0.776367 0.041015 0.041016
1 0.701171 0.814454 0.031249 0.031251
1 0.938478 0.513673 0.037111 0.039061
1 0.828124 0.583985 0.031249 0.035156
1 0.830078 0.850587 0.027345 0.025392
3 0.272460 0.834960 0.021483 0.021483