0 0.711913 0.383790 0.201171 0.193359
0 0.927733 0.317382 0.207033 0.208986
1 0.084959 0.447265 0.056639 0.054688
1 0.033203 0.260743 0.035157 0.037110
1 0.070314 0.159180 0.031249 0.029297
1 0.359373 0.125978 0.027345 0.029297
1 0.304688 0.266602 0.046873 0.044921
1 0.134766 0.307618 0.035157 0.033202
1 0.382814 0.313477 0.031249 0.033202
1 0.242186 0.477539 0.046873 0.052734
1 0.521483 0.345702 0.027345 0.027343
1 0.020508 0.535156 0.041015 0.039061
1 0.026366 0.744142 0.041015 0.035156
1 0.207029 0.679689 0.046873 0.046875
1 0.351561 0.696290 0.070314 0.072266
1 0.250977 0.776367 0.041015 0.041016
1 0.201171 0.814454 0.031249 0.031251
1 0.572264 0.797853 0.035157 0.033202
1 0.630858 0.656251 0.054689 0.050780
1 0.549803 0.530274 0.044923 0.044921
1 0.438478 0.513673 0.037111 0.039061
1 0.328124 0.583985 0.031249 0.035156
1 0.733399 0.746093 0.048827 0.050780
1 0.644532 0.753906 0.027345 0.027343
1 0.750978 0.589844 0.029299 0.027343
1 0.975585 0.905273 0.052735 0.060548
1 0.724608 0.887694 0.039061 0.037110
1 0.677735 0.858398 0.027345 0.025392
1 0.627929 0.872070 0.029299 0.033202
1 0.505859 0.862306 0.046873 0.044921
1 0.330078 0.850587 0.027345 0.025392
1 0.537108 0.943360 0.039061 0.039061
1 0.820312 0.989258 0.027345 0.029297
1 0.881835 0.982421 0.029299 0.027343
1 0.672852 0.427733 0.025391 0.027343
1 0.735353 0.455079 0.029299 0.027343
3 0.842774 0.456056 0.017578 0.017578