0 0.080080 0.237305 0.156252 0.224610
0 0.186522 0.501953 0.208983 0.230469
0 0.402342 0.639650 0.218749 0.236328
1 0.520508 0.035156 0.041015 0.039061
1 0.436524 0.178712 0.056639 0.056639
1 0.526366 0.244142 0.041015 0.035156
1 0.707029 0.179689 0.046873 0.046875
1 0.851561 0.196290 0.070314 0.072266
1 0.750977 0.276367 0.041015 0.041016
1 0.701171 0.314454 0.031249 0.031251
1 0.938478 0.013673 0.037111 0.039061
1 0.828124 0.083985 0.031249 0.035156
1 0.830078 0.350587 0.027345 0.025392
1 0.884764 0.552734 0.050781 0.054688
1 0.749998 0.566406 0.046873 0.042970
1 0.975585 0.619141 0.033203 0.035156
1 0.960936 0.675780 0.039061 0.039061
1 0.953123 0.777343 0.042969 0.046875
3 0.272460 0.334960 0.021483 0.021483
0 0.176759 0.868165 0.169922 0.162108