1 0.072264 0.297853 0.035157 0.033202
1 0.130858 0.156251 0.054689 0.050780
1 0.049803 0.030274 0.044923 0.044921
1 0.233399 0.246093 0.048827 0.050780
1 0.144532 0.253906 0.027345 0.027343
1 0.250978 0.089844 0.029299 0.027343
1 0.717775 0.208008 0.052735 0.056639
1 0.676756 0.153320 0.029299 0.029297
1 0.531250 0.250975 0.035157 0.037110
1 0.475585 0.405273 0.052735 0.060548
1 0.224608 0.387694 0.039061 0.037110
1 0.177735 0.358398 0.027345 0.025392
1 0.127929 0.372070 0.029299 0.033202
1 0.005859 0.362306 0.046873 0.044921
1 0.034178 0.572266 0.052735 0.054688
1 0.037108 0.443360 0.039061 0.039061
1 0.166015 0.511718 0.054689 0.054688
1 0.248049 0.503908 0.039061 0.042970
1 0.320312 0.489258 0.027345 0.029297
1 0.381835 0.482421 0.029299 0.027343
1 0.385743 0.550782 0.041015 0.046875
1 0.541016 0.501953 0.023437 0.023437
1 0.586914 0.411132 0.033203 0.037110
1 0.752928 0.354492 0.029299 0.033202
1 0.745116 0.440429 0.029299 0.029297
1 0.668944 0.551757 0.044923 0.048829
1 0.581056 0.540038 0.025391 0.025392
1 0.825196 0.562501 0.029299 0.035156
1 0.467773 0.642578 0.044923 0.050780
1 0.534179 0.642578 0.037111 0.039061
1 0.498047 0.716796 0.046873 0.054688
1 0.791993 0.676757 0.037111 0.041016
1 0.620117 0.817382 0.052735 0.052734
1 0.737304 0.933595 0.029299 0.031251
1 0.820313 0.916991 0.046873 0.037110
1 0.751953 0.868165 0.027345 0.025392
1 0.786131 0.840819 0.029299 0.029297
1 0.325196 0.641601 0.056639 0.052734
1 0.289064 0.674806 0.031249 0.033202
1 0.149415 0.652343 0.033203 0.031251
1 0.054686 0.782226 0.027345 0.029297
1 0.106446 0.816405 0.025391 0.031251
1 0.156248 0.713867 0.039061 0.041016
1 0.271485 0.789062 0.046873 0.042970
1 0.334962 0.781249 0.037111 0.035156
1 0.279297 0.876952 0.031249 0.031251
1 0.186522 0.947265 0.033203 0.035156
1 0.323242 0.978516 0.044923 0.046875
1 0.387697 0.953124 0.037111 0.039061
1 0.396484 0.898439 0.027345 0.027343
1 0.450195 0.880861 0.037111 0.039061
1 0.480468 0.925781 0.035157 0.035156
1 0.461915 0.978516 0.048827 0.050780
1 0.764648 0.981444 0.025391 0.029297
1 0.956053 0.897462 0.033203 0.029297
1 0.927733 0.795899 0.031249 0.025392
1 0.986327 0.932618 0.023437 0.025392
1 0.983398 0.544923 0.037111 0.039061
1 0.899414 0.370116 0.025391 0.029297