1 0.217775 0.208008 0.052735 0.056639
1 0.176756 0.153320 0.029299 0.029297
1 0.031250 0.250975 0.035157 0.037110
1 0.041016 0.501953 0.023437 0.023437
1 0.086914 0.411132 0.033203 0.037110
1 0.252928 0.354492 0.029299 0.033202
1 0.245116 0.440429 0.029299 0.029297
1 0.168944 0.551757 0.044923 0.048829
1 0.081056 0.540038 0.025391 0.025392
1 0.325196 0.562501 0.029299 0.035156
1 0.034179 0.642578 0.037111 0.039061
1 0.291993 0.676757 0.037111 0.041016
1 0.120117 0.817382 0.052735 0.052734
1 0.237304 0.933595 0.029299 0.031251
1 0.320313 0.916991 0.046873 0.037110
1 0.251953 0.868165 0.027345 0.025392
1 0.286131 0.840819 0.029299 0.029297
1 0.264648 0.981444 0.025391 0.029297
1 0.456053 0.897462 0.033203 0.029297
1 0.427733 0.795899 0.031249 0.025392
1 0.486327 0.932618 0.023437 0.025392
1 0.519530 0.811522 0.035157 0.037110
1 0.519530 0.739259 0.027345 0.025392
1 0.543945 0.644532 0.029299 0.031251
1 0.483398 0.544923 0.037111 0.039061
1 0.399414 0.370116 0.025391 0.029297
1 0.582031 0.894531 0.035157 0.039061
1 0.614259 0.986329 0.033203 0.039061
1 0.731446 0.925781 0.037111 0.035156
1 0.680665 0.885743 0.025391 0.029297
1 0.729492 0.821290 0.025391 0.025392
1 0.787110 0.746092 0.035157 0.035156
1 0.773436 0.849610 0.023437 0.023437
1 0.877932 0.922850 0.025391 0.025392
1 0.854491 0.513672 0.029299 0.035156
1 0.831054 0.684571 0.021483 0.021483
1 0.900389 0.842773 0.058593 0.060548
1 0.874023 0.348633 0.037111 0.033202