1 0.019530 0.811522 0.035157 0.037110
1 0.019530 0.739259 0.027345 0.025392
1 0.043945 0.644532 0.029299 0.031251
1 0.082031 0.894531 0.035157 0.039061
1 0.114259 0.986329 0.033203 0.039061
1 0.231446 0.925781 0.037111 0.035156
1 0.180665 0.885743 0.025391 0.029297
1 0.229492 0.821290 0.025391 0.025392
1 0.287110 0.746092 0.035157 0.035156
1 0.273436 0.849610 0.023437 0.023437
1 0.377932 0.922850 0.025391 0.025392
1 0.354491 0.513672 0.029299 0.035156
1 0.331054 0.684571 0.021483 0.021483
1 0.400389 0.842773 0.058593 0.060548
1 0.579102 0.903321 0.037111 0.033202
1 0.374023 0.348633 0.037111 0.033202
1 0.918947 0.899413 0.041015 0.044921