1 0.384764 0.052734 0.050781 0.054688
1 0.249998 0.066406 0.046873 0.042970
1 0.534178 0.072266 0.052735 0.054688
1 0.666015 0.011718 0.054689 0.054688
1 0.748049 0.003908 0.039061 0.042970
1 0.885743 0.050782 0.041015 0.046875
1 0.967773 0.142578 0.044923 0.050780
1 0.998047 0.216796 0.046873 0.054688
1 0.825196 0.141601 0.056639 0.052734
1 0.789064 0.174806 0.031249 0.033202
1 0.649415 0.152343 0.033203 0.031251
1 0.475585 0.119141 0.033203 0.035156
1 0.460936 0.175780 0.039061 0.039061
1 0.453123 0.277343 0.042969 0.046875
1 0.554686 0.282226 0.027345 0.029297
1 0.606446 0.316405 0.025391 0.031251
1 0.656248 0.213867 0.039061 0.041016
1 0.771485 0.289062 0.046873 0.042970
1 0.834962 0.281249 0.037111 0.035156
1 0.779297 0.376952 0.031249 0.031251
1 0.686522 0.447265 0.033203 0.035156
1 0.823242 0.478516 0.044923 0.046875
1 0.758790 0.505858 0.033203 0.031251
1 0.887697 0.453124 0.037111 0.039061
1 0.896484 0.398439 0.027345 0.027343
1 0.950195 0.380861 0.037111 0.039061
1 0.980468 0.425781 0.035157 0.035156
1 0.961915 0.478516 0.048827 0.050780
1 0.839845 0.585938 0.050781 0.058594
1 0.912109 0.631836 0.035157 0.037110
1 0.998047 0.675780 0.027345 0.031251
0 0.333982 0.833008 0.175780 0.177735
0 0.170898 0.669920 0.166014 0.164062