0 0.856445 0.796875 0.208983 0.214845
0 0.041991 0.920899 0.228516 0.232423
1 0.041016 0.001953 0.023437 0.023437
1 0.168944 0.051757 0.044923 0.048829
1 0.081056 0.040038 0.025391 0.025392
1 0.325196 0.062501 0.029299 0.035156
1 0.034179 0.142578 0.037111 0.039061
1 0.291993 0.176757 0.037111 0.041016
1 0.120117 0.317382 0.052735 0.052734
1 0.143553 0.514649 0.048827 0.052734
1 0.237304 0.433595 0.029299 0.031251
1 0.320313 0.416991 0.046873 0.037110
1 0.251953 0.368165 0.027345 0.025392
1 0.286131 0.340819 0.029299 0.029297
1 0.001955 0.718749 0.023437 0.027343
1 0.099609 0.572265 0.054689 0.054688
1 0.223633 0.762696 0.041015 0.041016
1 0.256836 0.806640 0.044923 0.050780
1 0.332033 0.678711 0.066406 0.068358
1 0.260740 0.553710 0.029299 0.025392
1 0.264648 0.481444 0.025391 0.029297
1 0.305663 0.514649 0.037111 0.037110
1 0.456053 0.397462 0.033203 0.029297
1 0.427733 0.295899 0.031249 0.025392
1 0.486327 0.432618 0.023437 0.025392
1 0.519530 0.311522 0.035157 0.037110
1 0.519530 0.239259 0.027345 0.025392
1 0.543945 0.144532 0.029299 0.031251
1 0.483398 0.044923 0.037111 0.039061
1 0.582031 0.394531 0.035157 0.039061
1 0.427733 0.673829 0.031249 0.035156
1 0.390627 0.761719 0.035157 0.035156
1 0.497072 0.699220 0.044923 0.046875
1 0.559570 0.621094 0.052735 0.054688
1 0.614259 0.486329 0.033203 0.039061
1 0.731446 0.425781 0.037111 0.035156
1 0.680665 0.385743 0.025391 0.029297
1 0.729492 0.321290 0.025391 0.025392
1 0.787110 0.246092 0.035157 0.035156
1 0.773436 0.349610 0.023437 0.023437
1 0.877932 0.422850 0.025391 0.025392
1 0.699218 0.547851 0.035157 0.033202
1 0.657228 0.570311 0.044923 0.046875
1 0.854491 0.013672 0.029299 0.035156
1 0.831054 0.184571 0.021483 0.021483
1 0.460936 0.822267 0.046873 0.046875
1 0.485352 0.873047 0.033203 0.035156
1 0.510743 0.926758 0.025391 0.029297
1 0.545899 0.794921 0.052735 0.058594
1 0.603514 0.743164 0.035157 0.037110
1 0.713868 0.722658 0.025391 0.039061
1 0.639650 0.871093 0.025391 0.019532
1 0.679686 0.869142 0.019532 0.019532
1 0.900389 0.342773 0.058593 0.060548
1 0.895506 0.617186 0.048827 0.046875
1 0.930663 0.550782 0.025391 0.027343
1 0.803710 0.656251 0.029299 0.031251
1 0.786131 0.752929 0.044923 0.041016
1 0.839846 0.742187 0.035157 0.035156
1 0.371094 0.938477 0.046873 0.052734
1 0.643554 0.955078 0.056639 0.066407
1 0.732421 0.984375 0.046873 0.058594
1 0.793943 0.996093 0.060548 0.074218
1 0.977540 0.920899 0.056639 0.064453
1 0.818359 0.837891 0.046873 0.054688
1 0.898439 0.804689 0.027345 0.031251
1 0.941408 0.788085 0.027345 0.029297