0 0.356445 0.796875 0.208983 0.214845
1 0.019530 0.311522 0.035157 0.037110
1 0.019530 0.239259 0.027345 0.025392
1 0.043945 0.144532 0.029299 0.031251
1 0.082031 0.394531 0.035157 0.039061
1 0.059570 0.621094 0.052735 0.054688
1 0.114259 0.486329 0.033203 0.039061
1 0.231446 0.425781 0.037111 0.035156
1 0.180665 0.385743 0.025391 0.029297
1 0.229492 0.321290 0.025391 0.025392
1 0.287110 0.246092 0.035157 0.035156
1 0.273436 0.349610 0.023437 0.023437
1 0.377932 0.422850 0.025391 0.025392
1 0.199218 0.547851 0.035157 0.033202
1 0.157228 0.570311 0.044923 0.046875
1 0.354491 0.013672 0.029299 0.035156
1 0.331054 0.184571 0.021483 0.021483
1 0.010743 0.926758 0.025391 0.029297
1 0.045899 0.794921 0.052735 0.058594
1 0.103514 0.743164 0.035157 0.037110
1 0.213868 0.722658 0.025391 0.039061
1 0.139650 0.871093 0.025391 0.019532
1 0.179686 0.869142 0.019532 0.019532
1 0.400389 0.342773 0.058593 0.060548
1 0.579102 0.403321 0.037111 0.033202
1 0.528321 0.504881 0.041015 0.044921
1 0.395506 0.617186 0.048827 0.046875
1 0.430663 0.550782 0.025391 0.027343
1 0.303710 0.656251 0.029299 0.031251
1 0.286131 0.752929 0.044923 0.041016
1 0.339846 0.742187 0.035157 0.035156
1 0.501952 0.684570 0.042969 0.037110
1 0.143554 0.955078 0.056639 0.066407
1 0.232421 0.984375 0.046873 0.058594
1 0.293943 0.996093 0.060548 0.074218
1 0.477540 0.920899 0.056639 0.064453
1 0.318359 0.837891 0.046873 0.054688
1 0.398439 0.804689 0.027345 0.031251
1 0.441408 0.788085 0.027345 0.029297
1 0.565428 0.671875 0.025391 0.023437
1 0.596681 0.608399 0.025391 0.029297
1 0.632813 0.583984 0.035157 0.035156
1 0.855470 0.540040 0.035157 0.033202
1 0.825197 0.591798 0.029299 0.031251
1 0.660157 0.654296 0.023437 0.027343
1 0.655274 0.747069 0.041015 0.037110
1 0.728517 0.741210 0.031249 0.037110
1 0.832030 0.763673 0.078126 0.070312
1 0.974611 0.831054 0.027345 0.029297
1 0.889648 0.903321 0.037111 0.041016
1 0.720705 0.866210 0.042969 0.044921
1 0.639650 0.934572 0.037111 0.033202
1 0.661132 0.992188 0.037111 0.042970
1 0.918947 0.399413 0.041015 0.044921