1 0.079102 0.403321 0.037111 0.033202
1 0.028321 0.504881 0.041015 0.044921
1 0.001952 0.684570 0.042969 0.037110
1 0.065428 0.671875 0.025391 0.023437
1 0.096681 0.608399 0.025391 0.029297
1 0.132813 0.583984 0.035157 0.035156
1 0.355470 0.540040 0.035157 0.033202
1 0.325197 0.591798 0.029299 0.031251
1 0.160157 0.654296 0.023437 0.027343
1 0.155274 0.747069 0.041015 0.037110
1 0.228517 0.741210 0.031249 0.037110
1 0.332030 0.763673 0.078126 0.070312
1 0.474611 0.831054 0.027345 0.029297
1 0.389648 0.903321 0.037111 0.041016
1 0.220705 0.866210 0.042969 0.044921
1 0.139650 0.934572 0.037111 0.033202
1 0.161132 0.992188 0.037111 0.042970
1 0.418947 0.399413 0.041015 0.044921
3 0.758787 0.481444 0.021483 0.021483