0 0.541991 0.420899 0.228516 0.232423
1 0.643553 0.014649 0.048827 0.052734
1 0.258790 0.005858 0.033203 0.031251
1 0.339845 0.085938 0.050781 0.058594
1 0.412109 0.131836 0.035157 0.037110
1 0.498047 0.175780 0.027345 0.031251
1 0.501955 0.218749 0.023437 0.027343
1 0.599609 0.072265 0.054689 0.054688
1 0.723633 0.262696 0.041015 0.041016
1 0.756836 0.306640 0.044923 0.050780
1 0.832033 0.178711 0.066406 0.068358
1 0.760740 0.053710 0.029299 0.025392
1 0.805663 0.014649 0.037111 0.037110
1 0.927733 0.173829 0.031249 0.035156
1 0.890627 0.261719 0.035157 0.035156
1 0.997072 0.199220 0.044923 0.046875
1 0.960936 0.322267 0.046873 0.046875
1 0.985352 0.373047 0.033203 0.035156
1 0.871094 0.438477 0.046873 0.052734
1 0.982423 0.516603 0.042969 0.044921
1 0.877931 0.536132 0.037111 0.041016
1 0.979494 0.649414 0.060548 0.056639
0 0.054686 0.786133 0.199217 0.201172