0 0.227537 0.805665 0.185547 0.197267
0 0.044920 0.787110 0.171876 0.179686
1 0.482423 0.016603 0.042969 0.044921
1 0.377931 0.036132 0.037111 0.041016
1 0.596681 0.033204 0.041015 0.042970
1 0.914063 0.191406 0.035157 0.035156
1 0.976561 0.068360 0.039061 0.046875
1 0.985352 0.208007 0.044923 0.044921
1 0.997068 0.283202 0.056639 0.062499
1 0.842775 0.228517 0.076172 0.078126
1 0.797852 0.083984 0.052735 0.054688
1 0.479494 0.149414 0.060548 0.056639
1 0.601564 0.181642 0.031249 0.031251
1 0.608397 0.223631 0.041015 0.037110
1 0.656249 0.242187 0.035157 0.035156
1 0.687502 0.234376 0.027345 0.039061
1 0.748045 0.301757 0.031249 0.037110
1 0.812501 0.324218 0.031249 0.035156
1 0.758791 0.392579 0.044923 0.050780
1 0.655274 0.356446 0.052735 0.060548
1 0.897460 0.375978 0.037111 0.037110
1 0.933592 0.444336 0.046873 0.056639
1 0.998048 0.483397 0.035157 0.037110
0 0.682619 0.728516 0.333986 0.222656