0 0.585936 0.976564 0.242186 0.078126
1 0.153320 0.074219 0.037111 0.035156
1 0.219726 0.062501 0.068360 0.074218
1 0.296877 0.059569 0.039061 0.037110
1 0.495119 0.002930 0.048827 0.052734
1 0.442383 0.092774 0.041015 0.048829
1 0.225584 0.202148 0.052735 0.052734
1 0.179686 0.268555 0.042969 0.044921
1 0.043946 0.133790 0.044923 0.052734
1 0.058595 0.535158 0.046873 0.050780
1 0.161132 0.464845 0.064452 0.066407
1 0.245117 0.458009 0.029299 0.033202
1 0.277344 0.396484 0.027345 0.031251
1 0.278319 0.306640 0.021483 0.023437
1 0.377928 0.318358 0.037111 0.039061
1 0.373049 0.465819 0.054689 0.060548
1 0.246096 0.530272 0.031249 0.025392
1 0.295898 0.508789 0.025391 0.021483
1 0.314451 0.598633 0.027345 0.029297
1 0.191406 0.649414 0.046873 0.052734
1 0.268553 0.705079 0.041015 0.050780
1 0.415039 0.582032 0.041015 0.046875
1 0.466795 0.535158 0.042969 0.039061
1 0.551758 0.483397 0.044923 0.048829
1 0.532226 0.339845 0.052735 0.062499