1 0.566407 0.962892 0.066406 0.062499
1 0.478515 0.838868 0.074218 0.064453
1 0.228517 0.866211 0.054689 0.064453
1 0.357424 0.852538 0.074218 0.068358
1 0.331054 0.930664 0.087892 0.068358
1 0.438475 0.921876 0.044923 0.039061
1 0.093751 0.984375 0.070314 0.058594
1 0.140624 0.692384 0.050781 0.048829
1 0.208984 0.694335 0.066406 0.056639
1 0.347657 0.581053 0.042969 0.041016
1 0.440429 0.592772 0.029299 0.037110
3 0.045899 0.594726 0.048827 0.056639
3 0.003905 0.387694 0.023437 0.033202
1 0.292968 0.261720 0.046873 0.050780
0 0.636721 0.706054 0.203125 0.205078
3 0.810547 0.703126 0.031249 0.046875
3 0.996093 0.692384 0.074218 0.029297
3 0.187502 0.046875 0.023437 0.023437