1 0.693359 0.278320 0.039061 0.037110
1 0.512696 0.446288 0.033203 0.037110
1 0.531249 0.554687 0.054689 0.050780
1 0.781251 0.579102 0.062502 0.060548
1 0.332032 0.629882 0.042969 0.041016
1 0.311525 0.812499 0.037111 0.031251
1 0.511721 0.785157 0.039061 0.039061
1 0.814454 0.770507 0.050781 0.052734
1 0.708008 0.906249 0.048827 0.050780
1 0.529295 0.917968 0.042969 0.039061
1 0.960936 0.999025 0.054689 0.052734
1 0.909179 0.550782 0.029299 0.023437
1 0.516600 0.042969 0.072264 0.074218
3 0.304688 0.370116 0.050781 0.025392