1 0.193359 0.278320 0.039061 0.037110
1 0.012696 0.446288 0.033203 0.037110
1 0.031249 0.554687 0.054689 0.050780
1 0.281251 0.579102 0.062502 0.060548
1 0.011721 0.785157 0.039061 0.039061
1 0.314454 0.770507 0.050781 0.052734
1 0.208008 0.906249 0.048827 0.050780
1 0.029295 0.917968 0.042969 0.039061
1 0.460936 0.999025 0.054689 0.052734
1 0.635741 0.831054 0.052735 0.048829
1 0.982422 0.660156 0.082030 0.062499
1 0.761719 0.754883 0.042969 0.037110
1 0.903322 0.514649 0.052735 0.048829
1 0.409179 0.550782 0.029299 0.023437
1 0.016600 0.042969 0.072264 0.074218
3 0.964844 0.254883 0.031249 0.029297
1 0.812500 0.866210 0.050781 0.056639
3 0.650390 0.697266 0.019532 0.027343
3 0.723633 0.606445 0.037111 0.025392
3 0.749999 0.584961 0.019532 0.021483