1 0.135741 0.831054 0.052735 0.048829
1 0.482422 0.660156 0.082030 0.062499
1 0.261719 0.754883 0.042969 0.037110
1 0.978515 0.338868 0.074218 0.064453
1 0.728517 0.366211 0.054689 0.064453
1 0.857424 0.352538 0.074218 0.068358
1 0.831054 0.430664 0.087892 0.068358
1 0.938475 0.421876 0.044923 0.039061
1 0.403322 0.514649 0.052735 0.048829
1 0.567382 0.588866 0.044923 0.041016
1 0.593751 0.484375 0.070314 0.058594
1 0.640624 0.192384 0.050781 0.048829
1 0.708984 0.194335 0.066406 0.056639
1 0.847657 0.081053 0.042969 0.041016
1 0.940429 0.092772 0.029299 0.037110
3 0.545899 0.094726 0.048827 0.056639
3 0.464844 0.254883 0.031249 0.029297
1 0.312500 0.866210 0.050781 0.056639
3 0.150390 0.697266 0.019532 0.027343
3 0.223633 0.606445 0.037111 0.025392
3 0.249999 0.584961 0.019532 0.021483