1 0.566407 0.462892 0.066406 0.062499
1 0.478515 0.338868 0.074218 0.064453
1 0.228517 0.366211 0.054689 0.064453
1 0.357424 0.352538 0.074218 0.068358
1 0.331054 0.430664 0.087892 0.068358
1 0.438475 0.421876 0.044923 0.039061
1 0.067382 0.588866 0.044923 0.041016
1 0.093751 0.484375 0.070314 0.058594
1 0.140624 0.192384 0.050781 0.048829
1 0.208984 0.194335 0.066406 0.056639
1 0.347657 0.081053 0.042969 0.041016
1 0.440429 0.092772 0.029299 0.037110
3 0.045899 0.094726 0.048827 0.056639
0 0.636721 0.206054 0.203125 0.205078
3 0.810547 0.203126 0.031249 0.046875
3 0.996093 0.192384 0.074218 0.029297
0 0.561524 0.975587 0.337890 0.267579
3 0.880861 0.886720 0.023437 0.019532