1 0.531249 0.054687 0.054689 0.050780
1 0.781251 0.079102 0.062502 0.060548
1 0.332032 0.129882 0.042969 0.041016
1 0.311525 0.312499 0.037111 0.031251
1 0.511721 0.285157 0.039061 0.039061
1 0.814454 0.270507 0.050781 0.052734
1 0.708008 0.406249 0.048827 0.050780
1 0.529295 0.417968 0.042969 0.039061
1 0.494142 0.524413 0.050781 0.052734
1 0.803713 0.555664 0.037111 0.041016
1 0.856444 0.559569 0.037111 0.041016
1 0.960936 0.499025 0.054689 0.052734
1 0.840820 0.793947 0.076172 0.052734
1 0.909179 0.050782 0.029299 0.023437