2 0.340821 0.237305 0.064452 0.068358
2 0.182619 0.094726 0.091796 0.072266
2 0.489257 0.092775 0.068360 0.064453
2 0.833009 0.041992 0.037111 0.052734
2 0.661133 0.296875 0.080080 0.128906
2 0.861329 0.168946 0.070314 0.080077
2 0.787111 0.570311 0.093750 0.101563
2 0.702148 0.793947 0.095704 0.103514
2 0.407227 0.822266 0.134765 0.089845
2 0.287111 0.479492 0.242186 0.162108
2 0.064453 0.602539 0.058593 0.056639
2 0.050783 0.852540 0.105471 0.111328
2 0.215822 0.651368 0.025391 0.021483
2 0.503906 0.432618 0.031249 0.033202