2 0.532225 0.490234 0.076172 0.097655
2 0.732421 0.348632 0.156252 0.091796
2 0.825196 0.162110 0.087892 0.089845
2 0.842775 0.614257 0.146486 0.087890
2 0.584960 0.655273 0.068360 0.064453
2 0.327150 0.583984 0.138673 0.148438
2 0.397460 0.376952 0.048827 0.039061
2 0.234375 0.249023 0.046873 0.041016
2 0.045899 0.436522 0.052735 0.064453
2 0.094726 0.841798 0.072264 0.062499
2 0.252928 0.817384 0.056639 0.068358
2 0.592773 0.141600 0.115233 0.087890
2 0.081056 0.695311 0.029299 0.042970
2 0.115234 0.568360 0.023437 0.023437
2 0.363282 0.165038 0.085938 0.091796
1 0.236329 0.040040 0.015624 0.013673