0 0.287110 0.944337 0.058593 0.060548
0 0.452149 0.877930 0.095704 0.072266
0 0.624025 0.840820 0.056639 0.048829
0 0.595702 0.981444 0.050781 0.048829
0 0.820313 0.873048 0.058593 0.050780
0 0.205080 0.735351 0.050781 0.048829
0 0.295897 0.653320 0.048827 0.048829
0 0.248045 0.584962 0.027345 0.029297
0 0.189452 0.549806 0.031249 0.029297
0 0.093751 0.432619 0.039061 0.041016
0 0.240233 0.449220 0.042969 0.042970
0 0.409180 0.399414 0.052735 0.048829
0 0.512697 0.324219 0.044923 0.050780
0 0.547853 0.394531 0.044923 0.046875
0 0.633787 0.298827 0.068360 0.066407
0 0.739258 0.232423 0.033203 0.031251
0 0.443358 0.151366 0.054689 0.056639
0 0.312501 0.234374 0.042969 0.046875
0 0.325196 0.096681 0.056639 0.056639
0 0.139649 0.035156 0.099608 0.058594
0 0.089843 0.146484 0.031249 0.035156
0 0.206055 0.169921 0.033203 0.031251
0 0.000001 0.123047 0.042969 0.042970
0 0.065432 0.251952 0.033203 0.035156
0 0.158203 0.312500 0.054689 0.054688
0 0.105468 0.339843 0.035157 0.035156
0 0.579102 0.181640 0.029299 0.027343
0 0.648437 0.499023 0.035157 0.029297
0 0.683594 0.599609 0.019532 0.023437
0 0.691406 0.663085 0.019532 0.021483
0 0.848633 0.600586 0.029299 0.029297
0 0.884765 0.071289 0.046873 0.041016
0 0.615234 0.091796 0.039061 0.035156
0 0.531250 0.015624 0.042969 0.027343
0 0.992189 0.184571 0.027345 0.029297
3 0.104493 0.641601 0.025391 0.033202
3 0.058594 0.503905 0.031249 0.031251
3 0.494139 0.548829 0.023437 0.031251
3 0.796877 0.661134 0.027345 0.025392
3 0.185547 0.920899 0.031249 0.033202
3 0.061523 0.971680 0.021483 0.017578