0 0.124025 0.840820 0.056639 0.048829
0 0.095702 0.981444 0.050781 0.048829
0 0.320313 0.873048 0.058593 0.050780
0 0.012697 0.324219 0.044923 0.050780
0 0.047853 0.394531 0.044923 0.046875
0 0.133787 0.298827 0.068360 0.066407
0 0.239258 0.232423 0.033203 0.031251
0 0.079102 0.181640 0.029299 0.027343
0 0.148437 0.499023 0.035157 0.029297
0 0.183594 0.599609 0.019532 0.023437
0 0.191406 0.663085 0.019532 0.021483
0 0.348633 0.600586 0.029299 0.029297
0 0.590819 0.926759 0.056639 0.056639
0 0.384765 0.071289 0.046873 0.041016
0 0.115234 0.091796 0.039061 0.035156
0 0.031250 0.015624 0.042969 0.027343
0 0.739258 0.028320 0.064452 0.052734
0 0.666991 0.140625 0.037111 0.039061
0 0.492189 0.184571 0.027345 0.029297
0 0.546875 0.253907 0.054689 0.054688
0 0.644533 0.388672 0.058593 0.062499
0 0.841796 0.570312 0.050781 0.050780
0 0.907227 0.454102 0.041015 0.056639
0 0.701173 0.656251 0.058593 0.050780
3 0.296877 0.661134 0.027345 0.025392