0 0.435546 0.837891 0.085938 0.074218
0 0.510743 0.758788 0.056639 0.048829
0 0.219725 0.687499 0.083984 0.078126
0 0.287110 0.444337 0.058593 0.060548
0 0.452149 0.377930 0.095704 0.072266
0 0.624025 0.340820 0.056639 0.048829
0 0.595702 0.481444 0.050781 0.048829
0 0.490235 0.556642 0.062502 0.050780
0 0.820313 0.373048 0.058593 0.050780
0 0.884765 0.579102 0.031249 0.037110
0 0.927734 0.707031 0.031249 0.035156
0 0.205080 0.235351 0.050781 0.048829
0 0.295897 0.153320 0.048827 0.048829
0 0.248045 0.084962 0.027345 0.029297
0 0.189452 0.049806 0.031249 0.029297
0 0.683594 0.099609 0.019532 0.023437
0 0.691406 0.163085 0.019532 0.021483
0 0.848633 0.100586 0.029299 0.029297
0 0.807618 0.957032 0.025391 0.027343
3 0.104493 0.141601 0.025391 0.033202
3 0.058594 0.003905 0.031249 0.031251
3 0.494139 0.048829 0.023437 0.031251
3 0.796877 0.161134 0.027345 0.025392
3 0.185547 0.420899 0.031249 0.033202
3 0.061523 0.471680 0.021483 0.017578