0 0.010743 0.758788 0.056639 0.048829
0 0.124025 0.340820 0.056639 0.048829
0 0.095702 0.481444 0.050781 0.048829
0 0.320313 0.373048 0.058593 0.050780
0 0.384765 0.579102 0.031249 0.037110
0 0.427734 0.707031 0.031249 0.035156
0 0.183594 0.099609 0.019532 0.023437
0 0.191406 0.163085 0.019532 0.021483
0 0.348633 0.100586 0.029299 0.029297
0 0.590819 0.426759 0.056639 0.056639
0 0.778319 0.694335 0.048827 0.048829
0 0.816405 0.573243 0.031249 0.033202
0 0.841796 0.070312 0.050781 0.050780
0 0.701173 0.156251 0.058593 0.050780
0 0.602539 0.965820 0.021483 0.025392
0 0.307618 0.957032 0.025391 0.027343
0 0.594727 0.603517 0.041015 0.054688
3 0.296877 0.161134 0.027345 0.025392