0 0.147462 0.682616 0.083984 0.060548
0 0.415038 0.740236 0.064452 0.058594
0 0.527342 0.665038 0.062502 0.056639
0 0.614259 0.558593 0.041015 0.046875
0 0.536133 0.535155 0.037111 0.039061
0 0.387693 0.965820 0.060548 0.056639
0 0.058594 0.929686 0.132811 0.070312
0 0.816405 0.995116 0.058593 0.056639
0 0.908201 0.923827 0.039061 0.039061
0 0.718751 0.719726 0.039061 0.041016
0 0.435546 0.337891 0.085938 0.074218
0 0.510743 0.258788 0.056639 0.048829
0 0.305663 0.506835 0.060548 0.056639
0 0.348633 0.629882 0.083984 0.060548
0 0.219725 0.187499 0.083984 0.078126
0 0.490235 0.056642 0.062502 0.050780
0 0.884765 0.079102 0.031249 0.037110
0 0.927734 0.207031 0.031249 0.035156
0 0.807618 0.457032 0.025391 0.027343
1 0.801760 0.770507 0.021483 0.021483
3 0.034179 0.619140 0.017578 0.023437