0 0.647462 0.182616 0.083984 0.060548
0 0.915038 0.240236 0.064452 0.058594
0 0.801759 0.566406 0.076172 0.066407
0 0.982423 0.515626 0.039061 0.046875
0 0.887693 0.465820 0.060548 0.056639
0 0.558594 0.429686 0.132811 0.070312
0 0.943358 0.674805 0.039061 0.037110
0 0.805663 0.006835 0.060548 0.056639
0 0.848633 0.129882 0.083984 0.060548
0 0.759765 0.875001 0.050781 0.046875
0 0.874998 0.846681 0.050781 0.048829
0 0.960936 0.912108 0.054689 0.042970
3 0.572265 0.727540 0.027345 0.025392
3 0.534179 0.119140 0.017578 0.023437