0 0.027342 0.165038 0.062502 0.056639
0 0.114259 0.058593 0.041015 0.046875
0 0.036133 0.035155 0.037111 0.039061
0 0.160157 0.728517 0.058593 0.062499
0 0.256837 0.783202 0.033203 0.035156
0 0.316405 0.495116 0.058593 0.056639
0 0.408201 0.423827 0.039061 0.039061
0 0.534179 0.416017 0.037111 0.039061
0 0.613280 0.333986 0.046873 0.054688
0 0.218751 0.219726 0.039061 0.041016
0 0.745117 0.326172 0.037111 0.042970
0 0.714843 0.520508 0.058593 0.048829
0 0.641600 0.039063 0.029299 0.035156
0 0.438475 0.606444 0.037111 0.037110
0 0.475586 0.727540 0.044923 0.052734
0 0.529296 0.953126 0.054689 0.054688
0 0.670899 0.939454 0.033203 0.039061
0 0.844725 0.965819 0.044923 0.037110
0 0.291993 0.917967 0.033203 0.035156
0 0.100585 0.966796 0.041015 0.046875
1 0.301760 0.270507 0.021483 0.021483
1 0.635742 0.680665 0.033203 0.037110
1 0.717772 0.754882 0.056639 0.068358
3 0.798827 0.751954 0.015624 0.019532