0 0.160157 0.228517 0.058593 0.062499
0 0.256837 0.283202 0.033203 0.035156
0 0.714843 0.020508 0.058593 0.048829
0 0.438475 0.106444 0.037111 0.037110
0 0.475586 0.227540 0.044923 0.052734
0 0.529296 0.453126 0.054689 0.054688
0 0.698243 0.562500 0.044923 0.050780
0 0.670899 0.439454 0.033203 0.039061
0 0.844725 0.465819 0.044923 0.037110
0 0.753908 0.672851 0.058593 0.044921
0 0.499023 0.765624 0.041015 0.039061
0 0.402343 0.726562 0.042969 0.042970
0 0.495118 0.607421 0.033203 0.031251
0 0.277344 0.547850 0.054689 0.041016
0 0.291993 0.417967 0.033203 0.035156
0 0.100585 0.466796 0.041015 0.046875
0 0.072265 0.598633 0.066406 0.056639
0 0.005859 0.889647 0.058593 0.060548
0 0.045899 0.769532 0.044923 0.042970
0 0.361328 0.840821 0.042969 0.041016
0 0.126954 0.691406 0.058593 0.050780
0 0.228517 0.886719 0.031249 0.027343
0 0.571290 0.878906 0.033203 0.035156
1 0.635742 0.180665 0.033203 0.037110
1 0.717772 0.254882 0.056639 0.068358
3 0.798827 0.251954 0.015624 0.019532
3 0.130858 0.994142 0.027345 0.035156
3 0.799806 0.999024 0.041015 0.033202