0 0.214843 0.020508 0.058593 0.048829
0 0.029296 0.453126 0.054689 0.054688
0 0.198243 0.562500 0.044923 0.050780
0 0.170899 0.439454 0.033203 0.039061
0 0.344725 0.465819 0.044923 0.037110
0 0.253908 0.672851 0.058593 0.044921
0 0.730468 0.866210 0.039061 0.037110
0 0.816406 0.845704 0.039061 0.042970
0 0.071290 0.878906 0.033203 0.035156
1 0.135742 0.180665 0.033203 0.037110
1 0.217772 0.254882 0.056639 0.068358
3 0.298827 0.251954 0.015624 0.019532
3 0.299806 0.999024 0.041015 0.033202
0 0.798827 0.479492 0.207033 0.212891