3 0.850586 0.010741 0.017578 0.017578
3 0.910155 0.003908 0.035157 0.019532
3 0.973631 0.051757 0.017578 0.017578
3 0.765623 0.120118 0.019532 0.017578
3 0.505859 0.272461 0.023437 0.021483
3 0.321287 0.321290 0.025391 0.021483
0 0.018554 0.646483 0.212891 0.207032
3 0.005858 0.740236 0.027345 0.019532
3 0.810546 0.601562 0.019532 0.027343
3 0.355469 0.588866 0.019532 0.017578
3 0.630858 0.740236 0.023437 0.019532
3 0.732420 0.736328 0.015624 0.019532
3 0.816404 0.503907 0.011720 0.015624
3 0.901367 0.542969 0.017578 0.015624
3 0.766602 0.290039 0.013670 0.013673
3 0.861328 0.365234 0.019532 0.019532
3 0.979493 0.304686 0.017578 0.019532
3 0.982422 0.769533 0.019532 0.019532
3 0.766602 0.039064 0.017578 0.023437