3 0.083010 0.978515 0.017578 0.019532
3 0.315429 0.852540 0.029299 0.025392
3 0.392576 0.837890 0.015624 0.019532
3 0.571290 0.875978 0.021483 0.021483
3 0.487306 0.936522 0.021483 0.021483
3 0.310546 0.101562 0.019532 0.027343
3 0.130858 0.240236 0.023437 0.019532
3 0.232420 0.236328 0.015624 0.019532
3 0.316404 0.003907 0.011720 0.015624
3 0.401367 0.042969 0.017578 0.015624
3 0.514650 0.056642 0.025391 0.023437
3 0.717775 0.052733 0.033203 0.031251
3 0.482422 0.269533 0.019532 0.019532
3 0.652345 0.397461 0.015624 0.017578
3 0.745116 0.448242 0.017578 0.017578
3 0.778319 0.411134 0.013670 0.017578
3 0.856445 0.567383 0.017578 0.025392
3 0.533204 0.600585 0.011720 0.017578