0 0.187500 0.187824 0.014423 0.022021
0 0.203125 0.224741 0.009135 0.012953
0 0.234856 0.258420 0.014904 0.020725
0 0.282692 0.227979 0.020192 0.025907
0 0.314663 0.231218 0.019712 0.028497
0 0.320913 0.195596 0.015865 0.022021
0 0.032692 0.198834 0.023077 0.025907
0 0.074038 0.209521 0.013462 0.018782
0 0.043269 0.258096 0.012500 0.021373
0 0.009856 0.318977 0.014904 0.023964
0 0.050240 0.360751 0.019712 0.024611
0 0.064183 0.322863 0.006250 0.009715
0 0.039904 0.707254 0.020192 0.025907
0 0.038702 0.758096 0.016827 0.021373
0 0.072596 0.805699 0.006731 0.009067
0 0.019712 0.870790 0.005769 0.009715
0 0.201442 0.802785 0.015385 0.021373
0 0.231010 0.760363 0.015865 0.022021
0 0.193029 0.649611 0.010096 0.014249
0 0.184135 0.641516 0.007692 0.011010
0 0.197596 0.688148 0.006731 0.009715
0 0.318269 0.657383 0.025962 0.040155
0 0.400240 0.625972 0.023558 0.034326
0 0.329808 0.553756 0.016346 0.024611
0 0.301442 0.520402 0.014423 0.021373
0 0.430288 0.595531 0.017308 0.025259
0 0.470192 0.624028 0.014423 0.020078
0 0.445192 0.611399 0.008654 0.012953
0 0.536058 0.570272 0.013462 0.018782
0 0.465865 0.444301 0.022115 0.032383
0 0.469952 0.402202 0.019712 0.025907
0 0.553365 0.382448 0.024038 0.027850
0 0.358894 0.371762 0.022596 0.032383
0 0.347596 0.356865 0.017308 0.024611
0 0.390144 0.320596 0.016827 0.020725
0 0.463702 0.327720 0.021635 0.031088
0 0.658894 0.272345 0.018750 0.030440
0 0.600721 0.266516 0.022596 0.030440
0 0.734375 0.233808 0.020673 0.025907
0 0.664423 0.202396 0.011538 0.014896
0 0.604327 0.196891 0.012500 0.015544
0 0.449519 0.211140 0.011538 0.011658
0 0.748798 0.189443 0.008173 0.011010
0 0.799038 0.193977 0.017308 0.025259
0 0.734135 0.352655 0.018269 0.023964
0 0.776923 0.391192 0.019231 0.028497
0 0.817788 0.302137 0.023077 0.031736
0 0.835577 0.374352 0.009615 0.015544
0 0.619712 0.578692 0.025962 0.035622
0 0.599519 0.619495 0.008654 0.011010
0 0.626923 0.646049 0.019231 0.026554
0 0.564904 0.702396 0.011538 0.013601
0 0.560096 0.735104 0.010577 0.014249
0 0.474519 0.703368 0.023077 0.034974
0 0.591346 0.420013 0.012500 0.014896
0 0.576683 0.431023 0.004327 0.007124
0 0.676923 0.359132 0.006731 0.011010
0 0.711779 0.476036 0.012019 0.019430
0 0.716587 0.630505 0.008173 0.011010
0 0.711538 0.612694 0.007692 0.010363
0 0.740865 0.716645 0.007692 0.011010
0 0.754327 0.742228 0.011538 0.014249
0 0.716346 0.765544 0.010577 0.015544
0 0.683413 0.746114 0.017788 0.025907
0 0.214183 0.430699 0.016827 0.020725
0 0.207452 0.474417 0.016827 0.029145
0 0.225240 0.384715 0.007212 0.009067
0 0.208413 0.883420 0.013942 0.019430
0 0.271875 0.888601 0.019712 0.023316
0 0.301683 0.861075 0.017788 0.025259
0 0.350721 0.916775 0.017788 0.021373
0 0.506971 0.778174 0.020673 0.030440
0 0.542067 0.787565 0.025481 0.027202
0 0.562981 0.778821 0.012500 0.014896
0 0.584135 0.903821 0.021154 0.027850
0 0.623077 0.881153 0.021154 0.025259
0 0.314423 0.708549 0.015385 0.016839
0 0.852885 0.727979 0.015385 0.020725
0 0.843029 0.789832 0.020673 0.027850
0 0.781250 0.862694 0.013462 0.016839
0 0.782692 0.893459 0.020192 0.020078
0 0.821875 0.888277 0.019712 0.027850
0 0.781250 0.925518 0.022115 0.015544
0 0.732212 0.918394 0.021154 0.024611
0 0.958413 0.439443 0.011058 0.014896
0 0.951923 0.422927 0.016346 0.027202
0 0.837740 0.201425 0.010096 0.012953
0 0.951923 0.197215 0.010577 0.018782
0 0.954087 0.652526 0.013942 0.020078
0 0.974519 0.714378 0.011538 0.012953
0 0.988702 0.770078 0.020673 0.028497
0 0.970433 0.872085 0.020673 0.026554
0 0.455529 0.905764 0.009135 0.011010
0 0.498798 0.853951 0.006250 0.008420
0 0.424038 0.848122 0.004808 0.007124
0 0.528125 0.927461 0.008173 0.006477
0 0.309615 0.434585 0.010577 0.014249
0 0.340865 0.394754 0.005769 0.008420
0 0.404087 0.454339 0.006250 0.008420
0 0.382212 0.519430 0.007692 0.011658
0 0.367308 0.542422 0.003846 0.005829
