0 0.093029 0.941710 0.012019 0.015544
0 0.094231 0.927461 0.009615 0.010363
0 0.103606 0.905440 0.008173 0.012953
0 0.080769 0.905440 0.006731 0.009067
0 0.065865 0.948510 0.006731 0.016192
0 0.069712 0.979275 0.009615 0.011658
0 0.112019 0.974741 0.011538 0.011658
0 0.106250 0.964702 0.006731 0.008420
0 0.134375 0.977008 0.011058 0.012306
0 0.186538 0.940738 0.006731 0.009715
0 0.189423 0.916127 0.003846 0.007124
0 0.202644 0.914832 0.011058 0.012306
0 0.180769 0.891839 0.007692 0.011658
0 0.154327 0.894754 0.007692 0.009715
0 0.207452 0.885039 0.011058 0.014896
0 0.233173 0.884391 0.014423 0.013601
0 0.239423 0.901231 0.008654 0.009715
0 0.268510 0.906088 0.009135 0.011658
0 0.332933 0.911917 0.012019 0.016839
0 0.307212 0.902850 0.007692 0.009067
0 0.356971 0.949158 0.010096 0.017487
0 0.342308 0.959197 0.006731 0.007772
0 0.386538 0.905764 0.007692 0.011010
0 0.364423 0.902850 0.006731 0.009067
0 0.379808 0.976036 0.008654 0.010363
0 0.411779 0.962435 0.011058 0.015544
0 0.436058 0.955959 0.008654 0.014249
0 0.440625 0.913860 0.007212 0.011658
0 0.435817 0.976360 0.008173 0.011010
0 0.499760 0.958549 0.012019 0.016839
0 0.516346 0.922604 0.010577 0.014896
0 0.512500 0.906412 0.011538 0.013601
0 0.553606 0.916127 0.012019 0.016192
0 0.605529 0.896697 0.012019 0.016192
0 0.623558 0.929404 0.009615 0.012953
0 0.672596 0.925518 0.011538 0.016839
0 0.679087 0.940738 0.011058 0.017487
0 0.759856 0.906088 0.011058 0.012953
0 0.762740 0.966969 0.011058 0.016839
0 0.738221 0.963407 0.009135 0.013601
0 0.729567 0.982513 0.007212 0.011658
0 0.766346 0.995142 0.013462 0.009715
0 0.775000 0.979275 0.009615 0.015544
0 0.811779 0.973122 0.012019 0.020078
0 0.821154 0.986075 0.012500 0.014896
0 0.840144 0.925194 0.012019 0.017487
0 0.862260 0.987047 0.013942 0.018135
0 0.888221 0.854275 0.012019 0.015544
0 0.910096 0.990285 0.011538 0.018135
0 0.930288 0.979598 0.013462 0.018782
0 0.962260 0.980894 0.012019 0.014896
0 0.990144 0.958873 0.010096 0.016192
0 0.974279 0.961140 0.008173 0.011658
0 0.973317 0.913536 0.011058 0.016192
0 0.840144 0.663212 0.013942 0.027202
0 0.856010 0.648964 0.008173 0.012953
0 0.894712 0.687176 0.012500 0.019430
0 0.920673 0.720855 0.010577 0.009067
0 0.919712 0.556023 0.012500 0.018782
0 0.962500 0.524288 0.014423 0.021373
0 0.976923 0.467617 0.012500 0.019430
0 0.929087 0.486399 0.013942 0.015544
0 0.902163 0.497409 0.011058 0.014249
0 0.916346 0.470531 0.012500 0.017487
0 0.967548 0.424223 0.011058 0.014249
0 0.976202 0.413536 0.007212 0.011010
0 0.951202 0.564443 0.008173 0.011010
0 0.976683 0.602008 0.007212 0.012306
0 0.955769 0.621762 0.006731 0.010363
0 0.954808 0.635363 0.009615 0.011658
0 0.941106 0.621438 0.007212 0.011010
0 0.927644 0.630829 0.006250 0.010363
0 0.920433 0.624028 0.004327 0.011010
0 0.984135 0.538212 0.005769 0.009067
0 0.997596 0.461140 0.004808 0.009067
0 0.866827 0.395725 0.008654 0.011658
0 0.843029 0.379210 0.010096 0.018782
0 0.846635 0.351684 0.006731 0.010363
0 0.851442 0.335168 0.010577 0.012306
0 0.855048 0.395402 0.005288 0.008420
0 0.892067 0.389573 0.013942 0.014896
0 0.851442 0.477655 0.007692 0.011010
0 0.845433 0.470531 0.006250 0.008420
0 0.850962 0.459845 0.005769 0.009067
0 0.857452 0.714378 0.009135 0.010363
0 0.863702 0.704016 0.008173 0.010363
0 0.996394 0.715674 0.007212 0.014249
0 0.948558 0.335816 0.007692 0.011010
0 0.943269 0.352979 0.008654 0.006477
0 0.869231 0.466645 0.017308 0.030440
0 0.865144 0.635687 0.006250 0.008420
0 0.860577 0.625324 0.005769 0.008420
0 0.858894 0.613018 0.005288 0.005829
0 0.847115 0.601360 0.004808 0.008420
0 0.839663 0.603951 0.004327 0.009715
0 0.845192 0.569624 0.005769 0.009715
0 0.579567 0.444948 0.014904 0.019430
0 0.601442 0.451101 0.010577 0.016192
0 0.613462 0.439443 0.007692 0.012306
0 0.638942 0.417746 0.013462 0.024611
0 0.624038 0.404145 0.008654 0.016839
0 0.601683 0.391839 0.009135 0.011658
0 0.579567 0.389573 0.008173 0.009715
0 0.733654 0.674870 0.013462 0.019430
0 0.767308 0.634067 0.010577 0.015544
0 0.733654 0.635363 0.009615 0.015544
0 0.748558 0.590997 0.009615 0.016192
0 0.712260 0.610427 0.011058 0.013601
0 0.701923 0.632772 0.009615 0.015544
0 0.518269 0.557966 0.014423 0.020078
0 0.552404 0.578692 0.014423 0.020078
0 0.464904 0.681995 0.011538 0.016839
0 0.472596 0.668718 0.009615 0.013601
0 0.499760 0.654145 0.008173 0.012953
0 0.482692 0.622733 0.007692 0.009715
0 0.529327 0.480894 0.012500 0.016192
0 0.526923 0.492228 0.009615 0.009067
0 0.514183 0.477979 0.007212 0.012953
0 0.505769 0.473769 0.007692 0.014896
0 0.493269 0.505181 0.009615 0.011658
0 0.453606 0.550518 0.008173 0.015544
0 0.454567 0.616580 0.006250 0.009067
0 0.542788 0.687500 0.008654 0.011010
0 0.575000 0.661593 0.009615 0.011010
0 0.569952 0.643135 0.012019 0.015544
0 0.573077 0.613018 0.007692 0.011010
0 0.563462 0.627591 0.004808 0.007772
0 0.593510 0.631153 0.006250 0.008420
0 0.604087 0.625648 0.006250 0.007772
0 0.620913 0.611723 0.009135 0.013601
0 0.626442 0.637630 0.006731 0.011010
0 0.640144 0.634391 0.007212 0.009715
0 0.654808 0.692034 0.008654 0.013601
0 0.671154 0.693005 0.009615 0.011658
0 0.661779 0.710816 0.015865 0.009715
0 0.641587 0.707902 0.006250 0.007772
0 0.636298 0.700777 0.009135 0.011658
0 0.617067 0.697539 0.009135 0.010363
0 0.702885 0.679080 0.009615 0.013601
0 0.688702 0.664832 0.005288 0.008420
0 0.653846 0.565091 0.011538 0.018782
0 0.683894 0.556347 0.010096 0.014249
0 0.684615 0.568005 0.005769 0.007772
0 0.692067 0.551490 0.007212 0.011010
0 0.642788 0.537241 0.007692 0.011010
0 0.642548 0.516839 0.010096 0.015544
0 0.655769 0.520402 0.007692 0.012306
0 0.621635 0.484456 0.011538 0.012953
0 0.661298 0.457254 0.009135 0.012953
0 0.510096 0.386982 0.013462 0.016192
0 0.532933 0.347150 0.011058 0.015544
0 0.457933 0.471826 0.006250 0.009715
0 0.466827 0.479275 0.008654 0.015544
0 0.467308 0.451749 0.005769 0.009715
0 0.478606 0.428756 0.007212 0.009067
0 0.457692 0.431023 0.005769 0.009715
0 0.492788 0.395402 0.009615 0.011010
0 0.641346 0.350065 0.010577 0.016192
0 0.623317 0.355246 0.011058 0.011010
0 0.691346 0.393459 0.010577 0.012306
0 0.692548 0.361723 0.009135 0.013601
0 0.669471 0.371762 0.007212 0.010363
0 0.662981 0.354598 0.005769 0.009715
0 0.651442 0.371438 0.006731 0.008420
0 0.612981 0.563148 0.010577 0.014896
0 0.558654 0.529469 0.008654 0.013601
0 0.789663 0.409650 0.009135 0.012306
0 0.766106 0.358484 0.008173 0.012306
0 0.757212 0.355894 0.005769 0.008420
0 0.724519 0.397021 0.012500 0.023316
0 0.720192 0.413860 0.008654 0.009067
0 0.710096 0.430699 0.006731 0.010363
0 0.728365 0.498705 0.008654 0.012953
0 0.776442 0.429728 0.009615 0.014896
0 0.780769 0.462759 0.007692 0.011010
0 0.717788 0.696244 0.008654 0.012953
0 0.788221 0.643782 0.007212 0.011658
0 0.400721 0.680699 0.010096 0.014249
0 0.376683 0.668070 0.008173 0.014896
0 0.362019 0.659003 0.006731 0.009715
0 0.359615 0.605570 0.011538 0.018135
0 0.350481 0.701749 0.009615 0.009715
0 0.274519 0.701425 0.022115 0.011658
0 0.268750 0.691710 0.008654 0.009067
0 0.245673 0.692681 0.008654 0.012306
0 0.325962 0.675194 0.009615 0.014896
0 0.337500 0.658355 0.010577 0.014896
0 0.331490 0.643135 0.007212 0.010363
0 0.335577 0.625324 0.015385 0.016192
0 0.320913 0.614313 0.006250 0.013601
0 0.310337 0.628562 0.008173 0.011010
0 0.287500 0.536917 0.012500 0.014249
0 0.303365 0.542746 0.011538 0.016839
0 0.313942 0.514573 0.007692 0.013601
0 0.237981 0.613342 0.014423 0.020725
0 0.252163 0.647345 0.009135 0.009715
0 0.221154 0.653497 0.007692 0.010363
0 0.219712 0.662889 0.007692 0.009715
0 0.192308 0.658355 0.005769 0.011010
0 0.190385 0.607513 0.012500 0.014249
0 0.177404 0.607513 0.008654 0.014249
0 0.161298 0.638277 0.007212 0.011010
0 0.138942 0.586788 0.009615 0.011658
0 0.114423 0.574158 0.009615 0.014896
0 0.123558 0.550842 0.007692 0.011010
0 0.076683 0.578044 0.007212 0.020078
0 0.079567 0.624352 0.009135 0.012953
0 0.091587 0.610104 0.009135 0.010363
0 0.102163 0.617552 0.006250 0.009715
0 0.117788 0.655764 0.009615 0.011010
0 0.080529 0.654145 0.006250 0.012953
0 0.098317 0.658679 0.005288 0.007772
0 0.137981 0.667098 0.006731 0.011658
0 0.150000 0.671632 0.006731 0.010363
0 0.164183 0.695920 0.007212 0.008420
0 0.192548 0.702720 0.008173 0.010363
0 0.386058 0.634391 0.006731 0.009715
0 0.386538 0.591969 0.006731 0.007772
0 0.353365 0.452396 0.011538 0.016192
0 0.398317 0.438148 0.011058 0.014896
0 0.403606 0.415155 0.008173 0.029793
0 0.400240 0.374676 0.007212 0.013601
0 0.334135 0.438148 0.007692 0.011010
0 0.315865 0.391516 0.009615 0.013601
0 0.331250 0.374676 0.005769 0.008420
0 0.333173 0.384067 0.006731 0.007772
0 0.281731 0.357189 0.008654 0.011010
0 0.262019 0.345207 0.009615 0.006477
0 0.198558 0.352332 0.010577 0.011658
0 0.223317 0.341645 0.005288 0.007124
0 0.232452 0.344883 0.006250 0.008420
0 0.223558 0.354275 0.004808 0.007772
0 0.231971 0.396697 0.009135 0.012306
0 0.232452 0.408031 0.008173 0.012953
0 0.243029 0.406736 0.005288 0.007772
0 0.249519 0.405440 0.005769 0.009067
0 0.254567 0.458549 0.012981 0.018135
0 0.287260 0.461464 0.012019 0.016192
0 0.222596 0.431347 0.009615 0.014249
0 0.237019 0.438148 0.007692 0.009715
0 0.237019 0.460816 0.007692 0.012306
0 0.201683 0.464702 0.009135 0.011010
0 0.185337 0.474093 0.008173 0.010363
0 0.177885 0.516192 0.009615 0.012953
0 0.186779 0.561852 0.012019 0.016192
0 0.222356 0.573510 0.008173 0.009715
0 0.234615 0.528174 0.007692 0.013601
0 0.230288 0.518782 0.009615 0.012953
0 0.217788 0.502591 0.008654 0.007772
0 0.129327 0.502591 0.007692 0.011658
0 0.111779 0.490933 0.011058 0.012953
0 0.106250 0.508744 0.004808 0.009715
0 0.151442 0.456282 0.007692 0.013601
0 0.133173 0.458225 0.008654 0.012306
0 0.118990 0.467617 0.005288 0.009067
0 0.134856 0.445920 0.006250 0.009715
0 0.160096 0.421308 0.006731 0.008420
0 0.181490 0.411593 0.006250 0.008420
0 0.192788 0.424870 0.006731 0.011658
0 0.188702 0.403174 0.005288 0.007124
0 0.183654 0.392487 0.005769 0.005181
0 0.087019 0.354598 0.011538 0.012306
0 0.089904 0.422604 0.011538 0.014896
0 0.102404 0.412241 0.007692 0.012306
0 0.078606 0.501619 0.007212 0.009715
0 0.075962 0.482837 0.004808 0.009715
0 0.114663 0.346503 0.005288 0.009067
0 0.077885 0.345207 0.004808 0.006477
0 0.135337 0.348446 0.007212 0.010363
0 0.143750 0.350712 0.005769 0.007124
0 0.152885 0.353627 0.005769 0.007772
0 0.385577 0.460492 0.005769 0.007772
0 0.314904 0.423899 0.003846 0.008420
0 0.307212 0.404469 0.007692 0.013601
0 0.916106 0.066710 0.015865 0.029793
0 0.927885 0.093264 0.007692 0.012953
0 0.913462 0.109132 0.007692 0.014896
0 0.961779 0.102655 0.007212 0.012306
0 0.943510 0.090674 0.007212 0.010363
0 0.980288 0.067034 0.007692 0.011010
0 0.971635 0.123381 0.005769 0.008420
0 0.992308 0.108484 0.004808 0.008420
0 0.925962 0.020402 0.005769 0.008420
0 0.927885 0.003886 0.007692 0.006477
0 0.949760 0.016839 0.006250 0.009067
0 0.859375 0.053109 0.009135 0.014249
0 0.859856 0.069948 0.011058 0.012953
0 0.855288 0.105570 0.009615 0.014249
0 0.865625 0.125000 0.012981 0.011658
0 0.806010 0.094883 0.012019 0.018782
0 0.783894 0.085492 0.011058 0.014249
0 0.805529 0.041775 0.012981 0.017487
0 0.742067 0.060881 0.007212 0.011658
0 0.729808 0.057642 0.008654 0.012953
0 0.737500 0.071244 0.006731 0.010363
0 0.729567 0.083873 0.006250 0.011010
0 0.716106 0.105246 0.008173 0.011010
0 0.707933 0.105246 0.007212 0.009715
0 0.704567 0.093264 0.008173 0.010363
0 0.679567 0.101360 0.008173 0.009715
0 0.640144 0.108808 0.009135 0.011658
0 0.613462 0.104598 0.010577 0.014896
0 0.606010 0.093912 0.009135 0.012953
0 0.638462 0.092617 0.008654 0.011658
0 0.641587 0.082902 0.008173 0.009067
0 0.657692 0.086464 0.005769 0.007124
0 0.514423 0.089702 0.012500 0.018782
0 0.533894 0.036593 0.012019 0.016192
0 0.522356 0.010687 0.006250 0.009715
0 0.543750 0.022992 0.006731 0.009715
0 0.553125 0.072539 0.012019 0.014249
0 0.545913 0.095855 0.008173 0.012953
0 0.565625 0.102979 0.010096 0.014249
0 0.583173 0.124676 0.007692 0.011010
0 0.392788 0.014249 0.015385 0.020725
0 0.393990 0.042098 0.012019 0.015544
0 0.450000 0.007124 0.006731 0.012953
0 0.427163 0.073187 0.003365 0.006477
0 0.418990 0.105570 0.012019 0.016839
0 0.385577 0.114637 0.009615 0.011658
0 0.382452 0.099417 0.010096 0.014896
0 0.344231 0.094883 0.012500 0.016192
0 0.311298 0.119495 0.010096 0.012306
0 0.269471 0.105246 0.010096 0.016192
0 0.294952 0.061852 0.010096 0.009715
0 0.306010 0.055376 0.005288 0.007124
0 0.319471 0.055376 0.007212 0.008420
0 0.323077 0.076425 0.007692 0.011658
0 0.368510 0.035622 0.008173 0.011658
0 0.363702 0.025259 0.005288 0.007772
0 0.339663 0.003886 0.005288 0.006477
0 0.762981 0.005505 0.008654 0.009715
0 0.154327 0.086464 0.014423 0.017487
0 0.189423 0.095207 0.007692 0.011658
0 0.243029 0.128886 0.010096 0.012953
0 0.096875 0.119819 0.010096 0.011658
0 0.100962 0.083873 0.008654 0.012306
0 0.118029 0.076749 0.008173 0.011010
0 0.128125 0.104598 0.008173 0.011010
0 0.095673 0.063795 0.010577 0.016192
0 0.845433 0.557966 0.005288 0.007124
0 0.297596 0.363990 0.003846 0.006477
0 0.288702 0.383744 0.004327 0.005829
0 0.372837 0.356865 0.005288 0.007772
0 0.364663 0.347474 0.004327 0.005829
0 0.243029 0.353627 0.004327 0.005181
0 0.669712 0.597474 0.003846 0.004534
0 0.601442 0.579339 0.003846 0.005829
0 0.604087 0.569624 0.004327 0.007124
0 0.603846 0.526231 0.002885 0.005829
0 0.633894 0.537889 0.004327 0.007124
0 0.527163 0.522345 0.004327 0.005829
0 0.550721 0.698834 0.006250 0.009067
0 0.535096 0.694301 0.004808 0.006477
0 0.534135 0.709845 0.005769 0.007772
0 0.462260 0.700777 0.004327 0.005181
0 0.634135 0.909326 0.007692 0.011658
0 0.619231 0.909003 0.005769 0.007124
0 0.598077 0.913536 0.005769 0.007124
0 0.607212 0.923575 0.007692 0.010363
0 0.616106 0.941710 0.008173 0.010363
0 0.564663 0.907707 0.007212 0.009715
0 0.533173 0.906088 0.006731 0.007772
0 0.522596 0.904145 0.004808 0.006477
0 0.525962 0.952073 0.007692 0.009067
0 0.534856 0.949482 0.005288 0.009067
0 0.719712 0.920013 0.005769 0.007124
0 0.717548 0.908355 0.006250 0.005829
0 0.659135 0.894430 0.005769 0.007772
0 0.742548 0.930052 0.005288 0.006477
0 0.740625 0.948510 0.004327 0.007124
0 0.552885 0.972150 0.002885 0.006477
0 0.944952 0.383744 0.003365 0.005829
0 0.879327 0.397992 0.003846 0.007124
0 0.887019 0.380505 0.003846 0.005829
0 0.218510 0.457902 0.007212 0.007772
0 0.253125 0.111723 0.005288 0.007124
0 0.225240 0.098446 0.003365 0.005181
0 0.225962 0.090350 0.003846 0.005829
0 0.245433 0.100065 0.004327 0.005829
0 0.081010 0.034974 0.008173 0.011658
0 0.249279 0.004858 0.006250 0.008420
0 0.734135 0.123381 0.005769 0.005829
0 0.758173 0.121762 0.004808 0.006477
0 0.726442 0.116580 0.002885 0.005181
0 0.668029 0.135039 0.005288 0.007124
0 0.461298 0.525583 0.004327 0.007124
0 0.527163 0.467940 0.005288 0.007124
0 0.524760 0.455311 0.003365 0.005181
0 0.262260 0.627267 0.006250 0.008420
0 0.161538 0.613018 0.003846 0.005829
0 0.173558 0.653497 0.003846 0.005181
0 0.131250 0.686852 0.002885 0.005829
0 0.120913 0.670661 0.004327 0.005829
0 0.117308 0.692034 0.004808 0.004534
0 0.095913 0.699806 0.004327 0.005829
0 0.082692 0.679080 0.004808 0.007124
0 0.099038 0.642487 0.004808 0.007772
0 0.462260 0.395078 0.004327 0.006477
0 0.457452 0.347474 0.003365 0.004534
0 0.471875 0.341645 0.003365 0.005829
0 0.479087 0.403174 0.003365 0.005829
0 0.531731 0.438795 0.004808 0.005829
0 0.514904 0.408679 0.004808 0.007772
0 0.818750 0.939443 0.007692 0.009715
0 0.849760 0.960816 0.008173 0.011010
0 0.914663 0.960492 0.007212 0.010363
0 0.895192 0.709521 0.005769 0.008420
0 0.893269 0.701749 0.005769 0.008420
0 0.263221 0.544365 0.005288 0.007124
0 0.297115 0.946244 0.004808 0.007772
0 0.333173 0.931347 0.007692 0.010363
0 0.338942 0.938795 0.003846 0.005829
0 0.348077 0.936205 0.004808 0.007124
0 0.323798 0.940415 0.004327 0.007772
0 0.323317 0.912241 0.004327 0.007124
0 0.302885 0.922927 0.004808 0.006477
0 0.401202 0.965026 0.006250 0.009067
0 0.426923 0.967940 0.004808 0.007124
0 0.229087 0.942681 0.007212 0.005829
0 0.234856 0.965674 0.005288 0.006477
0 0.185096 0.691386 0.003846 0.007124
0 0.997837 0.578044 0.004327 0.009715
0 0.636538 0.007448 0.004808 0.008420
0 0.591106 0.083549 0.005288 0.007772
0 0.593750 0.111399 0.003846 0.005181
0 0.651683 0.040479 0.003365 0.004534
0 0.651683 0.057966 0.004327 0.004534
