2 0.210938 0.201172 0.179688 0.179686
2 0.723634 0.200195 0.103517 0.130860
2 0.072265 0.499999 0.144531 0.117187
2 0.447266 0.514649 0.093750 0.115233
2 0.837892 0.421876 0.078126 0.109374
2 0.840821 0.737305 0.064452 0.068358
2 0.682619 0.594726 0.091796 0.072266
2 0.493164 0.808594 0.025391 0.027343
2 0.347658 0.758788 0.085938 0.056639
2 0.165040 0.796875 0.099608 0.089845
2 0.977538 0.592775 0.044923 0.064453
2 0.787111 0.949219 0.242186 0.101562
2 0.384765 0.963867 0.113283 0.072266
2 0.094727 0.956055 0.041015 0.029297