2 0.624025 0.062501 0.037111 0.035156
2 0.869140 0.165038 0.195313 0.083985
2 0.706055 0.381834 0.060548 0.064453
2 0.901368 0.439454 0.037111 0.039061
2 0.897460 0.876952 0.048827 0.039061
2 0.734375 0.749023 0.046873 0.041016
2 0.545899 0.936522 0.052735 0.064453
2 0.484377 0.669923 0.089842 0.160157
2 0.123046 0.257814 0.246093 0.175781
2 0.457032 0.232423 0.140623 0.464846
2 0.057618 0.530273 0.115235 0.138671
2 0.863282 0.665038 0.085938 0.091796
1 0.736329 0.540040 0.015624 0.013673
1 0.382814 0.008789 0.019532 0.017579