2 0.124025 0.062501 0.037111 0.035156
2 0.947266 0.036133 0.093750 0.072265
2 0.990235 0.308594 0.019531 0.027343
2 0.847658 0.258788 0.085938 0.056639
2 0.665040 0.296875 0.099608 0.089845
2 0.369140 0.165038 0.195313 0.083985
2 0.206055 0.381834 0.060548 0.064453
2 0.532225 0.970703 0.076172 0.058594
2 0.401368 0.439454 0.037111 0.039061
2 0.732421 0.848632 0.156252 0.091796
2 0.825196 0.662110 0.087892 0.089845
2 0.884765 0.471679 0.113283 0.087890
2 0.397460 0.876952 0.048827 0.039061
2 0.234375 0.749023 0.046873 0.041016
2 0.036133 0.936522 0.072267 0.064453
2 0.592773 0.641600 0.115233 0.087890
2 0.363282 0.665038 0.085938 0.091796
2 0.594727 0.456055 0.041015 0.029297
1 0.236329 0.540040 0.015624 0.013673