0 0.211913 0.383790 0.201171 0.193359
0 0.427733 0.317382 0.207033 0.208986
1 0.017578 0.345702 0.035155 0.027343
1 0.072264 0.797853 0.035157 0.033202
1 0.130858 0.656251 0.054689 0.050780
1 0.049803 0.530274 0.044923 0.044921
1 0.233399 0.746093 0.048827 0.050780
1 0.144532 0.753906 0.027345 0.027343
1 0.250978 0.589844 0.029299 0.027343
1 0.717775 0.708008 0.052735 0.056639
1 0.676756 0.653320 0.029299 0.029297
1 0.531250 0.750975 0.035157 0.037110
1 0.475585 0.905273 0.052735 0.060548
1 0.224608 0.887694 0.039061 0.037110
1 0.177735 0.858398 0.027345 0.025392
1 0.127929 0.872070 0.029299 0.033202
1 0.014648 0.862306 0.029295 0.044921
1 0.028319 0.943360 0.056638 0.039061
1 0.320312 0.987305 0.027345 0.025391
1 0.381835 0.982421 0.029299 0.027343
1 0.586914 0.911132 0.033203 0.037110
1 0.752928 0.854492 0.029299 0.033202
1 0.745116 0.940429 0.029299 0.029297
1 0.899414 0.870116 0.025391 0.029297
1 0.172852 0.427733 0.025391 0.027343
1 0.235353 0.455079 0.029299 0.027343
3 0.342774 0.456056 0.017578 0.017578