1 0.020508 0.027343 0.041015 0.054687
1 0.023437 0.244142 0.046873 0.035156
1 0.207029 0.179689 0.046873 0.046875
1 0.351561 0.196290 0.070314 0.072266
1 0.250977 0.276367 0.041015 0.041016
1 0.201171 0.314454 0.031249 0.031251
1 0.572264 0.297853 0.035157 0.033202
1 0.630858 0.156251 0.054689 0.050780
1 0.549803 0.026367 0.044923 0.052734
1 0.438478 0.016602 0.037111 0.033203
1 0.328124 0.083985 0.031249 0.035156
1 0.733399 0.246093 0.048827 0.050780
1 0.644532 0.253906 0.027345 0.027343
1 0.750978 0.089844 0.029299 0.027343
1 0.974609 0.405273 0.050782 0.060548
1 0.724608 0.387694 0.039061 0.037110
1 0.677735 0.358398 0.027345 0.025392
1 0.627929 0.372070 0.029299 0.033202
1 0.505859 0.362306 0.046873 0.044921
1 0.330078 0.350587 0.027345 0.025392
1 0.384764 0.552734 0.050781 0.054688
1 0.249998 0.566406 0.046873 0.042970
1 0.534178 0.572266 0.052735 0.054688
1 0.537108 0.443360 0.039061 0.039061
1 0.666015 0.511718 0.054689 0.054688
1 0.748049 0.503908 0.039061 0.042970
1 0.820312 0.489258 0.027345 0.029297
1 0.881835 0.482421 0.029299 0.027343
1 0.885743 0.550782 0.041015 0.046875
1 0.967773 0.642578 0.044923 0.050780
1 0.987305 0.716796 0.025390 0.054688
1 0.825196 0.641601 0.056639 0.052734
1 0.789064 0.674806 0.031249 0.033202
1 0.649415 0.652343 0.033203 0.031251
1 0.475585 0.619141 0.033203 0.035156
1 0.460936 0.675780 0.039061 0.039061
1 0.453123 0.777343 0.042969 0.046875
1 0.554686 0.782226 0.027345 0.029297
1 0.606446 0.816405 0.025391 0.031251
1 0.656248 0.713867 0.039061 0.041016
1 0.771485 0.789062 0.046873 0.042970
1 0.834962 0.781249 0.037111 0.035156
1 0.779297 0.876952 0.031249 0.031251
1 0.686522 0.947265 0.033203 0.035156
1 0.823242 0.977539 0.044923 0.044922
1 0.887697 0.953124 0.037111 0.039061
1 0.896484 0.898439 0.027345 0.027343
1 0.950195 0.880861 0.037111 0.039061
1 0.980468 0.925781 0.035157 0.035156
1 0.961915 0.976563 0.048827 0.046874