0 0.145507 0.058594 0.291013 0.117188
0 0.311525 0.506835 0.228516 0.251952
0 0.402342 0.128907 0.218749 0.257814
1 0.884764 0.040039 0.050781 0.080078
1 0.749998 0.066406 0.046873 0.042970
1 0.975585 0.119141 0.033203 0.035156
1 0.960936 0.175780 0.039061 0.039061
1 0.953123 0.277343 0.042969 0.046875
3 0.034178 0.634764 0.025391 0.023437
3 0.443361 0.609376 0.023437 0.019532
3 0.091796 0.834960 0.027345 0.029297
1 0.293946 0.505858 0.029299 0.031251
0 0.833982 0.833008 0.175780 0.177735
0 0.670898 0.669920 0.166014 0.164062
0 0.461914 0.805663 0.150390 0.173827
0 0.219728 0.835937 0.216795 0.167967
0 0.049804 0.955078 0.099608 0.089844
0 0.052734 0.747069 0.105469 0.162108
0 0.493163 0.609376 0.123045 0.117187
0 0.176759 0.368165 0.169922 0.162108