0 0.541991 0.902344 0.228516 0.195313
1 0.030273 0.072266 0.060546 0.054688
1 0.166015 0.019531 0.054689 0.039062
1 0.248049 0.012696 0.039061 0.025392
1 0.385743 0.050782 0.041015 0.046875
1 0.541016 0.006836 0.023437 0.013672
1 0.668944 0.051757 0.044923 0.048829
1 0.581056 0.040038 0.025391 0.025392
1 0.825196 0.062501 0.029299 0.035156
1 0.467773 0.142578 0.044923 0.050780
1 0.534179 0.142578 0.037111 0.039061
1 0.498047 0.216796 0.046873 0.054688
1 0.791993 0.176757 0.037111 0.041016
1 0.620117 0.317382 0.052735 0.052734
1 0.643553 0.514649 0.048827 0.052734
1 0.737304 0.433595 0.029299 0.031251
1 0.820313 0.416991 0.046873 0.037110
1 0.751953 0.368165 0.027345 0.025392
1 0.786131 0.340819 0.029299 0.029297
1 0.325196 0.141601 0.056639 0.052734
1 0.289064 0.174806 0.031249 0.033202
1 0.149415 0.152343 0.033203 0.031251
1 0.054686 0.282226 0.027345 0.029297
1 0.106446 0.316405 0.025391 0.031251
1 0.156248 0.213867 0.039061 0.041016
1 0.271485 0.289062 0.046873 0.042970
1 0.334962 0.281249 0.037111 0.035156
1 0.279297 0.376952 0.031249 0.031251
1 0.186522 0.447265 0.033203 0.035156
1 0.323242 0.478516 0.044923 0.046875
1 0.258790 0.505858 0.033203 0.031251
1 0.387697 0.453124 0.037111 0.039061
1 0.396484 0.398439 0.027345 0.027343
1 0.450195 0.380861 0.037111 0.039061
1 0.480468 0.425781 0.035157 0.035156
1 0.461915 0.478516 0.048827 0.050780
1 0.339845 0.585938 0.050781 0.058594
1 0.412109 0.631836 0.035157 0.037110
1 0.498047 0.675780 0.027345 0.031251
1 0.501955 0.718749 0.023437 0.027343
1 0.599609 0.572265 0.054689 0.054688
1 0.723633 0.762696 0.041015 0.041016
1 0.756836 0.806640 0.044923 0.050780
1 0.832033 0.678711 0.066406 0.068358
1 0.760740 0.553710 0.029299 0.025392
1 0.764648 0.481444 0.025391 0.029297
1 0.805663 0.514649 0.037111 0.037110
1 0.956053 0.397462 0.033203 0.029297
1 0.927733 0.295899 0.031249 0.025392
1 0.986327 0.432618 0.023437 0.025392
1 0.982421 0.044923 0.035158 0.039061
1 0.927733 0.673829 0.031249 0.035156
1 0.890627 0.761719 0.035157 0.035156
1 0.987305 0.699220 0.025389 0.046875
1 0.960936 0.822267 0.046873 0.046875
1 0.984375 0.873047 0.031250 0.035156
1 0.871094 0.938477 0.046873 0.052734