0 0.856445 0.296875 0.208983 0.214845
0 0.078124 0.420899 0.156249 0.232423
1 0.143553 0.020508 0.048827 0.041016
1 0.006837 0.218749 0.013673 0.027343
1 0.099609 0.072265 0.054689 0.054688
1 0.223633 0.262696 0.041015 0.041016
1 0.256836 0.306640 0.044923 0.050780
1 0.332033 0.178711 0.066406 0.068358
1 0.260740 0.053710 0.029299 0.025392
1 0.305663 0.016602 0.037111 0.033204
1 0.427733 0.173829 0.031249 0.035156
1 0.390627 0.261719 0.035157 0.035156
1 0.497072 0.199220 0.044923 0.046875
1 0.559570 0.121094 0.052735 0.054688
1 0.699218 0.047851 0.035157 0.033202
1 0.657228 0.070311 0.044923 0.046875
1 0.460936 0.322267 0.046873 0.046875
1 0.485352 0.373047 0.033203 0.035156
1 0.510743 0.426758 0.025391 0.029297
1 0.545899 0.294921 0.052735 0.058594
1 0.603514 0.243164 0.035157 0.037110
1 0.713868 0.222658 0.025391 0.039061
1 0.639650 0.371093 0.025391 0.019532
1 0.679686 0.369142 0.019532 0.019532
1 0.895506 0.117186 0.048827 0.046875
1 0.930663 0.050782 0.025391 0.027343
1 0.803710 0.156251 0.029299 0.031251
1 0.786131 0.252929 0.044923 0.041016
1 0.839846 0.242187 0.035157 0.035156
1 0.371094 0.438477 0.046873 0.052734
1 0.482423 0.516603 0.042969 0.044921
1 0.377931 0.536132 0.037111 0.041016
1 0.596681 0.533204 0.041015 0.042970
1 0.643554 0.455078 0.056639 0.066407
1 0.732421 0.484375 0.046873 0.058594
1 0.793943 0.496093 0.060548 0.074218
1 0.974610 0.420899 0.050780 0.064453
1 0.818359 0.337891 0.046873 0.054688
1 0.898439 0.304689 0.027345 0.031251
1 0.941408 0.288085 0.027345 0.029297
1 0.914063 0.691406 0.035157 0.035156
1 0.976561 0.568360 0.039061 0.046875
1 0.981445 0.708007 0.037109 0.044921
1 0.984374 0.783202 0.031251 0.062499
1 0.842775 0.728517 0.076172 0.078126
1 0.797852 0.583984 0.052735 0.054688
1 0.479494 0.649414 0.060548 0.056639
1 0.601564 0.681642 0.031249 0.031251
1 0.608397 0.723631 0.041015 0.037110
1 0.656249 0.742187 0.035157 0.035156
1 0.687502 0.734376 0.027345 0.039061
1 0.748045 0.801757 0.031249 0.037110
1 0.812501 0.824218 0.031249 0.035156
1 0.758791 0.892579 0.044923 0.050780
1 0.655274 0.856446 0.052735 0.060548
1 0.897460 0.875978 0.037111 0.037110
1 0.933592 0.944336 0.046873 0.056639
1 0.990235 0.982421 0.019531 0.035158