0 0.356445 0.296875 0.208983 0.214845
1 0.059570 0.121094 0.052735 0.054688
1 0.199218 0.047851 0.035157 0.033202
1 0.157228 0.070311 0.044923 0.046875
1 0.011719 0.426758 0.023438 0.029297
1 0.036134 0.294921 0.072267 0.058594
1 0.103514 0.243164 0.035157 0.037110
1 0.213868 0.222658 0.025391 0.039061
1 0.139650 0.371093 0.025391 0.019532
1 0.179686 0.369142 0.019532 0.019532
1 0.528321 0.013671 0.041015 0.027342
1 0.395506 0.117186 0.048827 0.046875
1 0.430663 0.050782 0.025391 0.027343
1 0.303710 0.156251 0.029299 0.031251
1 0.286131 0.252929 0.044923 0.041016
1 0.339846 0.242187 0.035157 0.035156
1 0.501952 0.184570 0.042969 0.037110
1 0.096681 0.533204 0.041015 0.042970
1 0.143554 0.455078 0.056639 0.066407
1 0.232421 0.484375 0.046873 0.058594
1 0.293943 0.496093 0.060548 0.074218
1 0.477540 0.420899 0.056639 0.064453
1 0.318359 0.337891 0.046873 0.054688
1 0.398439 0.304689 0.027345 0.031251
1 0.441408 0.288085 0.027345 0.029297
1 0.565428 0.171875 0.025391 0.023437
1 0.596681 0.108399 0.025391 0.029297
1 0.632813 0.083984 0.035157 0.035156
1 0.855470 0.040040 0.035157 0.033202
1 0.825197 0.091798 0.029299 0.031251
1 0.660157 0.154296 0.023437 0.027343
1 0.655274 0.247069 0.041015 0.037110
1 0.728517 0.241210 0.031249 0.037110
1 0.832030 0.263673 0.078126 0.070312
1 0.974611 0.331054 0.027345 0.029297
1 0.889648 0.403321 0.037111 0.041016
1 0.720705 0.366210 0.042969 0.044921
1 0.639650 0.434572 0.037111 0.033202
1 0.414063 0.691406 0.035157 0.035156
1 0.476561 0.568360 0.039061 0.046875
1 0.661132 0.492188 0.037111 0.042970
1 0.653320 0.574219 0.037111 0.035156
1 0.719726 0.562501 0.068360 0.074218
1 0.796877 0.559569 0.039061 0.037110
1 0.985353 0.502930 0.029295 0.052734
1 0.942383 0.592774 0.041015 0.048829
1 0.725584 0.702148 0.052735 0.052734
1 0.679686 0.768555 0.042969 0.044921
1 0.543946 0.633790 0.044923 0.052734
1 0.485352 0.708007 0.044923 0.044921
1 0.497068 0.783202 0.056639 0.062499
1 0.342775 0.728517 0.076172 0.078126
1 0.297852 0.583984 0.052735 0.054688
1 0.101564 0.681642 0.031249 0.031251
1 0.108397 0.723631 0.041015 0.037110
1 0.156249 0.742187 0.035157 0.035156
1 0.187502 0.734376 0.027345 0.039061
1 0.248045 0.801757 0.031249 0.037110
1 0.312501 0.824218 0.031249 0.035156
1 0.258791 0.892579 0.044923 0.050780
1 0.155274 0.856446 0.052735 0.060548
1 0.397460 0.875978 0.037111 0.037110
1 0.433592 0.944336 0.046873 0.056639
1 0.498048 0.982421 0.035157 0.035158
1 0.661132 0.964845 0.064452 0.066407
1 0.745117 0.958009 0.029299 0.033202
1 0.777344 0.896484 0.027345 0.031251
1 0.778319 0.806640 0.021483 0.023437
1 0.877928 0.818358 0.037111 0.039061
1 0.873049 0.965819 0.054689 0.060548