1 0.024414 0.013671 0.048829 0.027342
1 0.011718 0.184570 0.023436 0.037110
1 0.065428 0.171875 0.025391 0.023437
1 0.096681 0.108399 0.025391 0.029297
1 0.132813 0.083984 0.035157 0.035156
1 0.355470 0.040040 0.035157 0.033202
1 0.325197 0.091798 0.029299 0.031251
1 0.160157 0.154296 0.023437 0.027343
1 0.155274 0.247069 0.041015 0.037110
1 0.228517 0.241210 0.031249 0.037110
1 0.332030 0.263673 0.078126 0.070312
1 0.474611 0.331054 0.027345 0.029297
1 0.389648 0.403321 0.037111 0.041016
1 0.220705 0.366210 0.042969 0.044921
1 0.139650 0.434572 0.037111 0.033202
1 0.161132 0.492188 0.037111 0.042970
1 0.153320 0.574219 0.037111 0.035156
1 0.219726 0.562501 0.068360 0.074218
1 0.296877 0.559569 0.039061 0.037110
1 0.495119 0.502930 0.048827 0.052734
1 0.442383 0.592774 0.041015 0.048829
1 0.225584 0.702148 0.052735 0.052734
1 0.179686 0.768555 0.042969 0.044921
1 0.033204 0.633790 0.066407 0.052734
1 0.161132 0.964845 0.064452 0.066407
1 0.245117 0.958009 0.029299 0.033202
1 0.277344 0.896484 0.027345 0.031251
1 0.278319 0.806640 0.021483 0.023437
1 0.377928 0.818358 0.037111 0.039061
1 0.373049 0.965819 0.054689 0.060548
1 0.551758 0.979491 0.044923 0.041017
1 0.532226 0.839845 0.052735 0.062499