1 0.096681 0.027344 0.041015 0.054689
1 0.414063 0.191406 0.035157 0.035156
1 0.476561 0.068360 0.039061 0.046875
1 0.653320 0.074219 0.037111 0.035156
1 0.719726 0.049805 0.068360 0.099609
1 0.796877 0.059569 0.039061 0.037110
1 0.985353 0.014648 0.029295 0.029297
1 0.942383 0.092774 0.041015 0.048829
1 0.725584 0.202148 0.052735 0.052734
1 0.679686 0.268555 0.042969 0.044921
1 0.543946 0.133790 0.044923 0.052734
1 0.485352 0.208007 0.044923 0.044921
1 0.497068 0.283202 0.056639 0.062499
1 0.342775 0.228517 0.076172 0.078126
1 0.297852 0.083984 0.052735 0.054688
1 0.101564 0.181642 0.031249 0.031251
1 0.108397 0.223631 0.041015 0.037110
1 0.156249 0.242187 0.035157 0.035156
1 0.187502 0.234376 0.027345 0.039061
1 0.248045 0.301757 0.031249 0.037110
1 0.312501 0.324218 0.031249 0.035156
1 0.258791 0.392579 0.044923 0.050780
1 0.155274 0.356446 0.052735 0.060548
1 0.397460 0.375978 0.037111 0.037110
1 0.433592 0.444336 0.046873 0.056639
1 0.498048 0.483397 0.035157 0.037110
1 0.558595 0.535158 0.046873 0.050780
1 0.661132 0.464845 0.064452 0.066407
1 0.745117 0.458009 0.029299 0.033202
1 0.777344 0.396484 0.027345 0.031251
1 0.778319 0.306640 0.021483 0.023437
1 0.877928 0.318358 0.037111 0.039061
1 0.873049 0.465819 0.054689 0.060548
1 0.746096 0.530272 0.031249 0.025392
1 0.795898 0.508789 0.025391 0.021483
1 0.814451 0.598633 0.027345 0.029297
1 0.691406 0.649414 0.046873 0.052734
1 0.768553 0.705079 0.041015 0.050780
1 0.915039 0.582032 0.041015 0.046875
1 0.966795 0.535158 0.042969 0.039061
0 0.174806 0.728516 0.349612 0.222656