1 0.908205 0.053711 0.046873 0.037110
1 0.971681 0.224610 0.052735 0.054688
1 0.788085 0.766602 0.115233 0.119141
1 0.923829 0.535156 0.074218 0.066407
1 0.935545 0.398436 0.054689 0.050780
1 0.661132 0.058594 0.099608 0.117189
0 0.591797 0.187500 0.019532 0.023437
0 0.601563 0.347656 0.019532 0.015624
0 0.596680 0.389649 0.013670 0.017578
0 0.547853 0.365234 0.017578 0.015624
1 0.152344 0.959961 0.074218 0.080078
1 0.254882 0.054688 0.142577 0.109375
0 0.983398 0.646484 0.033204 0.042970
1 0.133791 0.582031 0.044923 0.042970
1 0.254882 0.225587 0.076172 0.083985