1 0.935546 0.837891 0.085938 0.074218
1 0.719725 0.687499 0.083984 0.078126
1 0.787110 0.444337 0.058593 0.060548
1 0.952148 0.377930 0.095703 0.072266
1 0.979492 0.556642 0.041016 0.050780
1 0.705080 0.235351 0.050781 0.048829
1 0.795897 0.153320 0.048827 0.048829
1 0.748045 0.084962 0.027345 0.029297
1 0.689452 0.049806 0.031249 0.029297
1 0.288085 0.266602 0.115233 0.119141
1 0.423829 0.034180 0.074218 0.068359
1 0.477539 0.594726 0.107421 0.076172
1 0.465819 0.863283 0.072264 0.117187
0 0.232420 0.689453 0.023437 0.031251
0 0.604493 0.141601 0.025391 0.033202
0 0.493164 0.146484 0.052735 0.042970
0 0.558594 0.009765 0.031249 0.019530
0 0.991210 0.048829 0.017579 0.031251
0 0.685547 0.420899 0.031249 0.033202
0 0.561523 0.471680 0.021483 0.017578