1 0.647462 0.682616 0.083984 0.060548
1 0.915038 0.740236 0.064452 0.058594
1 0.887693 0.965820 0.060548 0.056639
1 0.558594 0.929686 0.132811 0.070312
1 0.935546 0.337891 0.085938 0.074218
1 0.805663 0.506835 0.060548 0.056639
1 0.848633 0.629882 0.083984 0.060548
1 0.719725 0.187499 0.083984 0.078126
1 0.979492 0.056642 0.041016 0.050780
1 0.477539 0.094726 0.107421 0.076172
1 0.465819 0.363283 0.072264 0.117187
0 0.232420 0.189453 0.023437 0.031251
0 0.534179 0.619140 0.017578 0.023437
1 0.714842 0.829100 0.058593 0.060548