1 0.147462 0.682616 0.083984 0.060548
1 0.415038 0.740236 0.064452 0.058594
1 0.527342 0.665038 0.062502 0.056639
1 0.614259 0.558593 0.041015 0.046875
1 0.536133 0.535155 0.037111 0.039061
1 0.387693 0.965820 0.060548 0.056639
1 0.062500 0.929686 0.125000 0.070312
1 0.816405 0.983398 0.058593 0.033203
1 0.908201 0.923827 0.039061 0.039061
1 0.718751 0.719726 0.039061 0.041016
1 0.435546 0.337891 0.085938 0.074218
1 0.510743 0.258788 0.056639 0.048829
1 0.305663 0.506835 0.060548 0.056639
1 0.348633 0.629882 0.083984 0.060548
1 0.219725 0.187499 0.083984 0.078126
1 0.490235 0.056642 0.062502 0.050780
1 0.884765 0.079102 0.031249 0.037110
1 0.927734 0.207031 0.031249 0.035156
1 0.807618 0.457032 0.025391 0.027343
0 0.034179 0.619140 0.017578 0.023437
1 0.214842 0.829100 0.058593 0.060548