1 0.029296 0.665038 0.058593 0.056639
1 0.114259 0.558593 0.041015 0.046875
1 0.027344 0.535155 0.054689 0.039061
1 0.316405 0.983398 0.058593 0.033203
1 0.408201 0.923827 0.039061 0.039061
1 0.534179 0.916017 0.037111 0.039061
1 0.613280 0.833986 0.046873 0.054688
1 0.218751 0.719726 0.039061 0.041016
1 0.019531 0.258788 0.039062 0.048829
1 0.384765 0.079102 0.031249 0.037110
1 0.427734 0.207031 0.031249 0.035156
1 0.778319 0.194335 0.048827 0.048829
1 0.816405 0.073243 0.031249 0.033202
1 0.745117 0.826172 0.037111 0.042970
1 0.641600 0.539063 0.029299 0.035156
1 0.602539 0.465820 0.021483 0.025392
1 0.307618 0.457032 0.025391 0.027343
1 0.594727 0.103517 0.041015 0.054688