0 0.908205 0.053711 0.046873 0.037110
0 0.971681 0.224610 0.052735 0.054688
0 0.788085 0.766602 0.115233 0.119141
0 0.923829 0.535156 0.074218 0.066407
0 0.935545 0.398436 0.054689 0.050780
0 0.661132 0.058594 0.099608 0.117189
3 0.591797 0.187500 0.019532 0.023437
3 0.601563 0.347656 0.019532 0.015624
3 0.596680 0.389649 0.013670 0.017578
3 0.547853 0.365234 0.017578 0.015624
0 0.152344 0.959961 0.074218 0.080078
0 0.250977 0.051758 0.142577 0.103516
3 0.983398 0.646484 0.033204 0.042970
1 0.133791 0.582031 0.044923 0.042970