0 0.787110 0.944337 0.058593 0.060548
0 0.952148 0.877930 0.095703 0.072266
0 0.705080 0.735351 0.050781 0.048829
0 0.795897 0.653320 0.048827 0.048829
0 0.748045 0.584962 0.027345 0.029297
0 0.689452 0.549806 0.031249 0.029297
0 0.593751 0.432619 0.039061 0.041016
0 0.740233 0.449220 0.042969 0.042970
0 0.909180 0.399414 0.052735 0.048829
0 0.943358 0.151366 0.054689 0.056639
0 0.812501 0.234374 0.042969 0.046875
0 0.825196 0.096681 0.056639 0.056639
0 0.639649 0.032226 0.099608 0.064453
0 0.589843 0.146484 0.031249 0.035156
0 0.706055 0.169921 0.033203 0.031251
0 0.500001 0.123047 0.042969 0.042970
0 0.408205 0.053711 0.046873 0.037110
0 0.471681 0.224610 0.052735 0.054688
0 0.565432 0.251952 0.033203 0.035156
0 0.288085 0.766602 0.115233 0.119141
0 0.423829 0.535156 0.074218 0.066407
0 0.435545 0.398436 0.054689 0.050780
0 0.658203 0.312500 0.054689 0.054688
0 0.605468 0.339843 0.035157 0.035156
0 0.161132 0.058594 0.099608 0.117189
3 0.091797 0.187500 0.019532 0.023437
3 0.101563 0.347656 0.019532 0.015624
3 0.096680 0.389649 0.013670 0.017578
3 0.047853 0.365234 0.017578 0.015624
3 0.604493 0.641601 0.025391 0.033202
3 0.493164 0.646484 0.052735 0.042970
3 0.558594 0.503905 0.031249 0.031251
3 0.991210 0.548829 0.017579 0.031251
3 0.685547 0.920899 0.031249 0.033202
3 0.561523 0.971680 0.021483 0.017578