0 0.029296 0.665038 0.058593 0.056639
0 0.114259 0.558593 0.041015 0.046875
0 0.027344 0.535155 0.054689 0.039061
0 0.316405 0.983398 0.058593 0.033203
0 0.408201 0.923827 0.039061 0.039061
0 0.534179 0.916017 0.037111 0.039061
0 0.613280 0.833986 0.046873 0.054688
0 0.218751 0.719726 0.039061 0.041016
0 0.019531 0.258788 0.039062 0.048829
0 0.384765 0.079102 0.031249 0.037110
0 0.427734 0.207031 0.031249 0.035156
0 0.778319 0.194335 0.048827 0.048829
0 0.816405 0.073243 0.031249 0.033202
0 0.745117 0.826172 0.037111 0.042970
0 0.641600 0.539063 0.029299 0.035156
0 0.602539 0.465820 0.021483 0.025392
0 0.307618 0.457032 0.025391 0.027343
0 0.594727 0.103517 0.041015 0.054688
1 0.301760 0.770507 0.021483 0.021483