0 0.147462 0.182616 0.083984 0.060548
0 0.415038 0.240236 0.064452 0.058594
0 0.527342 0.165038 0.062502 0.056639
0 0.614259 0.058593 0.041015 0.046875
0 0.536133 0.027343 0.037111 0.054686
0 0.301759 0.566406 0.076172 0.066407
0 0.482423 0.515626 0.039061 0.046875
0 0.387693 0.465820 0.060548 0.056639
0 0.062500 0.429686 0.125000 0.070312
0 0.443358 0.674805 0.039061 0.037110
0 0.660157 0.728517 0.058593 0.062499
0 0.756837 0.783202 0.033203 0.035156
0 0.816405 0.495116 0.058593 0.056639
0 0.908201 0.423827 0.039061 0.039061
0 0.718751 0.219726 0.039061 0.041016
0 0.305663 0.017578 0.060548 0.035155
0 0.348633 0.129882 0.083984 0.060548
0 0.938475 0.606444 0.037111 0.037110
0 0.975586 0.727540 0.044923 0.052734
0 0.791993 0.917967 0.033203 0.035156
0 0.600585 0.966796 0.041015 0.046875
0 0.259765 0.875001 0.050781 0.046875
0 0.374998 0.846681 0.050781 0.048829
0 0.460936 0.912108 0.054689 0.042970
1 0.801760 0.270507 0.021483 0.021483
3 0.072265 0.727540 0.027345 0.025392
3 0.034179 0.119140 0.017578 0.023437