0 0.301759 0.049805 0.076172 0.099609
0 0.482423 0.019532 0.039061 0.039063
0 0.443358 0.174805 0.039061 0.037110
0 0.660157 0.228517 0.058593 0.062499
0 0.756837 0.283202 0.033203 0.035156
0 0.938475 0.106444 0.037111 0.037110
0 0.975586 0.227540 0.044923 0.052734
0 0.989258 0.765624 0.021485 0.039061
0 0.902343 0.726562 0.042969 0.042970
0 0.989259 0.607421 0.021483 0.031251
0 0.777344 0.547850 0.054689 0.041016
0 0.791993 0.417967 0.033203 0.035156
0 0.600585 0.466796 0.041015 0.046875
0 0.470703 0.538086 0.054689 0.052734
0 0.572265 0.598633 0.066406 0.056639
0 0.259765 0.375001 0.050781 0.046875
0 0.374998 0.346681 0.050781 0.048829
0 0.460936 0.412108 0.054689 0.042970
0 0.385743 0.727539 0.041015 0.052734
0 0.402343 0.880860 0.062502 0.062499
0 0.505859 0.889647 0.058593 0.060548
0 0.545899 0.769532 0.044923 0.042970
0 0.146482 0.742186 0.019532 0.019532
0 0.861328 0.840821 0.042969 0.041016
0 0.626954 0.691406 0.058593 0.050780
0 0.728517 0.886719 0.031249 0.027343
3 0.072265 0.227540 0.027345 0.025392
3 0.012696 0.738281 0.025392 0.062499
3 0.630858 0.988282 0.027345 0.023436
3 0.130858 0.987304 0.042969 0.025392