3 0.717775 0.328124 0.021483 0.023437
3 0.677735 0.363280 0.015624 0.015624
3 0.850586 0.510741 0.017578 0.017578
3 0.910155 0.503908 0.035157 0.019532
3 0.973631 0.551757 0.017578 0.017578
3 0.765623 0.620118 0.019532 0.017578
3 0.245115 0.494140 0.025391 0.027343
3 0.505859 0.772461 0.023437 0.021483
3 0.321287 0.821290 0.025391 0.021483
3 0.197267 0.024414 0.023437 0.021483
3 0.204100 0.114259 0.013670 0.017578
3 0.216796 0.204100 0.015624 0.017578
3 0.500976 0.153320 0.017578 0.021483
3 0.427733 0.183594 0.015624 0.019532
3 0.760744 0.198241 0.013670 0.021483
3 0.809571 0.139647 0.017578 0.021483
3 0.766602 0.790039 0.013670 0.013673
3 0.861328 0.865234 0.019532 0.019532
3 0.979493 0.804686 0.017578 0.019532
3 0.167968 0.335937 0.023437 0.027343
3 0.252932 0.349610 0.025391 0.023437
3 0.766602 0.539064 0.017578 0.023437