1 0.970703 0.838868 0.058594 0.064453
1 0.728517 0.866211 0.054689 0.064453
1 0.857424 0.852538 0.074218 0.068358
1 0.831054 0.930664 0.087892 0.068358
1 0.938475 0.921876 0.044923 0.039061
1 0.593751 0.977539 0.070314 0.044922
1 0.640624 0.692384 0.050781 0.048829
1 0.708984 0.694335 0.066406 0.056639
1 0.847657 0.581053 0.042969 0.041016
1 0.940429 0.592772 0.029299 0.037110
3 0.545899 0.594726 0.048827 0.056639
3 0.464844 0.754883 0.031249 0.029297
3 0.503905 0.387694 0.023437 0.033202
1 0.792968 0.261720 0.046873 0.050780
3 0.687502 0.046875 0.023437 0.023437