1 0.029297 0.054687 0.058594 0.050780
1 0.281251 0.079102 0.062502 0.060548
1 0.015626 0.285157 0.031251 0.039061
1 0.314454 0.270507 0.050781 0.052734
1 0.208008 0.406249 0.048827 0.050780
1 0.025390 0.417968 0.050780 0.039061
1 0.303713 0.555664 0.037111 0.041016
1 0.356444 0.559569 0.037111 0.041016
1 0.460936 0.499025 0.054689 0.052734
1 0.518554 0.536132 0.033203 0.037110
1 0.635741 0.331054 0.052735 0.048829
1 0.628908 0.528321 0.027345 0.029297
1 0.705080 0.590820 0.039061 0.037110
1 0.630858 0.711913 0.031249 0.037110
1 0.723633 0.705079 0.044923 0.042970
1 0.340820 0.793947 0.076172 0.052734
1 0.970704 0.160156 0.058593 0.062499
1 0.761719 0.254883 0.042969 0.037110
1 0.903322 0.019532 0.052735 0.039063
1 0.409179 0.050782 0.029299 0.023437
1 0.793947 0.529295 0.048827 0.058594
1 0.812500 0.366210 0.050781 0.056639
3 0.650390 0.197266 0.019532 0.027343
3 0.723633 0.106445 0.037111 0.025392
3 0.749999 0.084961 0.019532 0.021483