3 0.717775 0.828124 0.021483 0.023437
3 0.677735 0.863280 0.015624 0.015624
3 0.245115 0.990234 0.025391 0.019531
3 0.197267 0.524414 0.023437 0.021483
3 0.204100 0.614259 0.013670 0.017578
3 0.216796 0.704100 0.015624 0.017578
3 0.542970 0.313477 0.027345 0.025392
3 0.500976 0.653320 0.017578 0.021483
3 0.427733 0.683594 0.015624 0.019532
3 0.760744 0.698241 0.013670 0.021483
3 0.809571 0.639647 0.017578 0.021483
3 0.510742 0.052734 0.025391 0.023437
3 0.603517 0.102540 0.015624 0.017578
3 0.484376 0.217773 0.019532 0.021483
3 0.167968 0.835937 0.023437 0.027343
3 0.252932 0.849610 0.025391 0.023437
3 0.751953 0.324219 0.023437 0.023437
3 0.777343 0.281249 0.019532 0.023437
3 0.644532 0.068358 0.015624 0.019532