3 0.217775 0.828124 0.021483 0.023437
3 0.177735 0.863280 0.015624 0.015624
3 0.573244 0.710937 0.017578 0.019532
3 0.631837 0.794922 0.017578 0.019532
3 0.042970 0.313477 0.027345 0.025392
3 0.004882 0.653320 0.009765 0.021483
3 0.260744 0.698241 0.013670 0.021483
3 0.309571 0.639647 0.017578 0.021483
3 0.541991 0.586913 0.021483 0.021483
3 0.525392 0.484376 0.015624 0.019532
3 0.011719 0.052734 0.023437 0.023437
3 0.103517 0.102540 0.015624 0.017578
3 0.251953 0.324219 0.023437 0.023437
3 0.277343 0.281249 0.019532 0.023437
3 0.144532 0.068358 0.015624 0.019532