3 0.217775 0.328124 0.021483 0.023437
3 0.177735 0.363280 0.015624 0.015624
3 0.573244 0.210937 0.017578 0.019532
3 0.631837 0.294922 0.017578 0.019532
3 0.350586 0.510741 0.017578 0.017578
3 0.410155 0.503908 0.035157 0.019532
3 0.473631 0.551757 0.017578 0.017578
3 0.265623 0.620118 0.019532 0.017578
3 0.008789 0.772461 0.017577 0.021483
3 0.004882 0.153320 0.009765 0.021483
3 0.260744 0.198241 0.013670 0.021483
3 0.309571 0.139647 0.017578 0.021483
3 0.541991 0.086913 0.021483 0.021483
3 0.266602 0.790039 0.013670 0.013673
3 0.361328 0.865234 0.019532 0.019532
3 0.479493 0.804686 0.017578 0.019532
3 0.803709 0.894531 0.013670 0.015624
3 0.751953 0.972656 0.011720 0.019532
3 0.266602 0.539064 0.017578 0.023437