3 0.350586 0.009765 0.017578 0.019530
3 0.410155 0.006837 0.035157 0.013674
3 0.473631 0.051757 0.017578 0.017578
3 0.265623 0.120118 0.019532 0.017578
3 0.008789 0.272461 0.017577 0.021483
3 0.310546 0.601562 0.019532 0.027343
3 0.130858 0.740236 0.023437 0.019532
3 0.232420 0.736328 0.015624 0.019532
3 0.316404 0.503907 0.011720 0.015624
3 0.401367 0.542969 0.017578 0.015624
3 0.514650 0.556642 0.025391 0.023437
3 0.266602 0.290039 0.013670 0.013673
3 0.361328 0.365234 0.019532 0.019532
3 0.479493 0.304686 0.017578 0.019532
3 0.803709 0.394531 0.013670 0.015624
3 0.751953 0.472656 0.011720 0.019532
3 0.717775 0.552733 0.033203 0.031251
3 0.482422 0.769533 0.019532 0.019532
3 0.652345 0.897461 0.015624 0.017578
3 0.745116 0.948242 0.017578 0.017578
3 0.778319 0.911134 0.013670 0.017578
3 0.266602 0.039064 0.017578 0.023437