1 0.071875 0.560233 0.009135 0.014249
1 0.405529 0.557966 0.020673 0.020078
1 0.471394 0.577073 0.015865 0.019430
1 0.499038 0.552137 0.015385 0.018782
1 0.520433 0.516839 0.010096 0.015544
1 0.501202 0.509067 0.009135 0.012953
1 0.443510 0.685233 0.018750 0.022021
1 0.487981 0.668394 0.009615 0.015544
1 0.464663 0.651878 0.014904 0.018782
1 0.383654 0.639896 0.032692 0.023316
1 0.478365 0.721179 0.009615 0.012306
1 0.531731 0.738990 0.014423 0.020725
1 0.555529 0.757124 0.008173 0.011658
1 0.570192 0.661593 0.014423 0.018782
1 0.592788 0.637953 0.009615 0.012953
1 0.623798 0.635363 0.009135 0.012953
1 0.643269 0.608161 0.011538 0.018135
1 0.546154 0.570272 0.009615 0.013601
1 0.476442 0.443653 0.021154 0.024611
1 0.494952 0.417422 0.013942 0.016192
1 0.444471 0.499676 0.014904 0.018782
1 0.455048 0.540479 0.020673 0.020078
1 0.423317 0.393782 0.020673 0.025907
1 0.439904 0.313148 0.014423 0.020078
1 0.480529 0.291127 0.023558 0.023964
1 0.522837 0.278821 0.013942 0.016192
1 0.515865 0.325453 0.012500 0.016192
1 0.489904 0.350389 0.015385 0.016839
1 0.571154 0.289508 0.014423 0.016839
1 0.587019 0.357837 0.007692 0.012306
1 0.597596 0.400259 0.007692 0.011658
1 0.419712 0.243847 0.012500 0.016192
1 0.442067 0.216645 0.012019 0.016192
1 0.430288 0.193977 0.006731 0.009715
1 0.415865 0.182319 0.007692 0.009715
1 0.392308 0.143459 0.009615 0.013601
1 0.428365 0.148964 0.010577 0.014249
1 0.469952 0.132448 0.012981 0.016192
1 0.495433 0.107513 0.011058 0.016839
1 0.504087 0.130829 0.011058 0.015544
1 0.525240 0.099093 0.016827 0.022021
1 0.551202 0.077073 0.008173 0.010363
1 0.478365 0.050194 0.013462 0.018782
1 0.446154 0.077720 0.010577 0.015544
1 0.449279 0.032060 0.013942 0.018782
1 0.403606 0.011658 0.024519 0.019430
1 0.391346 0.048575 0.007692 0.011658
1 0.419952 0.056347 0.008173 0.010363
1 0.369231 0.040803 0.010577 0.014249
1 0.346635 0.017811 0.011538 0.012306
1 0.362260 0.074482 0.012981 0.018135
1 0.385337 0.083549 0.008173 0.011658
1 0.317067 0.254210 0.028365 0.039508
1 0.350481 0.177461 0.018269 0.022021
1 0.353365 0.132124 0.013462 0.016839
1 0.408173 0.103627 0.013462 0.018135
1 0.395192 0.112694 0.008654 0.011658
1 0.511779 0.060233 0.007212 0.009067
1 0.528846 0.165479 0.008654 0.009715
1 0.537500 0.198834 0.004808 0.007772
1 0.539423 0.219883 0.004808 0.007124
1 0.578125 0.199158 0.007212 0.009715
1 0.637740 0.307319 0.013942 0.018782
1 0.683894 0.396049 0.012019 0.016192
1 0.693269 0.355894 0.007692 0.011010
1 0.741827 0.308938 0.012500 0.016839
1 0.802404 0.305052 0.010577 0.015544
1 0.772837 0.374028 0.007212 0.012306
1 0.587019 0.023640 0.011538 0.013601
1 0.520673 0.030440 0.009615 0.011658
1 0.500000 0.005181 0.010577 0.009067
1 0.674279 0.009391 0.015865 0.017487
1 0.656490 0.046632 0.009135 0.012953
1 0.613462 0.061205 0.006731 0.009715
1 0.626923 0.084197 0.013462 0.018135
1 0.650962 0.128886 0.014423 0.020725
1 0.699519 0.189119 0.012500 0.016839
1 0.715625 0.150583 0.010096 0.018782
1 0.800240 0.164508 0.009135 0.014249
1 0.664904 0.217617 0.014423 0.016839
1 0.675721 0.605570 0.009135 0.014249
1 0.668269 0.670013 0.014423 0.016192
1 0.650240 0.510363 0.007212 0.011658
1 0.640625 0.486075 0.005288 0.008420
1 0.568029 0.483161 0.006250 0.009067
1 0.600240 0.698510 0.009135 0.012306
1 0.609375 0.738666 0.011058 0.017487
1 0.622596 0.813472 0.013462 0.018135
1 0.664183 0.849741 0.011058 0.016839
1 0.657452 0.808938 0.008173 0.012953
1 0.700240 0.817681 0.011058 0.012306
1 0.677885 0.886334 0.014423 0.014896
1 0.795192 0.950453 0.009615 0.012306
1 0.816346 0.943653 0.009615 0.014249
1 0.615144 0.917098 0.010096 0.012953
1 0.591346 0.904145 0.010577 0.014249
1 0.614183 0.864637 0.008173 0.010363
1 0.560577 0.844883 0.013462 0.013601
1 0.564183 0.801813 0.008173 0.011658
1 0.517067 0.818005 0.010096 0.015544
1 0.485096 0.841645 0.013462 0.017487
1 0.510096 0.861723 0.016346 0.018782
1 0.433173 0.787565 0.012500 0.015544
1 0.461538 0.778174 0.012500 0.016192
1 0.482692 0.799870 0.013462 0.014249
1 0.464183 0.904469 0.010096 0.017487
1 0.468269 0.955311 0.015385 0.020725
1 0.493750 0.958225 0.014423 0.020078
1 0.503606 0.918394 0.011058 0.014249
1 0.405288 0.909326 0.004808 0.006477
1 0.581250 0.942034 0.010577 0.013601
1 0.523558 0.892487 0.014423 0.016839
1 0.548558 0.957254 0.007692 0.009067
1 0.632933 0.954663 0.008173 0.011658
1 0.638702 0.365933 0.010096 0.018135
1 0.363702 0.363018 0.026442 0.025259
1 0.285817 0.022021 0.024519 0.033679
1 0.842067 0.055376 0.010096 0.013601
1 0.914904 0.048251 0.010577 0.014896
0 0.986538 0.179080 0.004808 0.008420
0 0.986538 0.167422 0.004808 0.005829
0 0.984615 0.191062 0.004808 0.006477
0 0.978606 0.204663 0.006250 0.010363
0 0.978125 0.214702 0.004327 0.005829
1 0.648798 0.723122 0.009135 0.013601
1 0.668990 0.747733 0.013942 0.022668
0 0.688942 0.746762 0.003846 0.006477
0 0.387019 0.738666 0.006731 0.008420
0 0.371875 0.908031 0.007212 0.020725
0 0.268750 0.062176 0.004808 0.007772
0 0.271154 0.115285 0.004808 0.005181
0 0.269952 0.129210 0.003365 0.005829
0 0.257933 0.121114 0.004327 0.005181
1 0.162260 0.384391 0.028365 0.036917
1 0.160577 0.318977 0.018269 0.027850
1 0.163702 0.553433 0.024519 0.033031
1 0.115385 0.592940 0.033654 0.047280
1 0.193990 0.477655 0.016827 0.023964
1 0.032692 0.969560 0.048077 0.060881
1 0.181250 0.764249 0.024038 0.029793
1 0.185817 0.019430 0.035096 0.033679
1 0.360817 0.452073 0.017788 0.038860
0 0.303365 0.394430 0.005769 0.010363
0 0.377644 0.536917 0.004327 0.007772
0 0.524519 0.992876 0.006731 0.011658
0 0.660577 0.996438 0.007692 0.007124
0 0.689183 0.994495 0.010096 0.011010
0 0.401442 0.993199 0.010577 0.013601
1 0.812019 0.822215 0.050962 0.070596
1 0.882933 0.880505 0.054327 0.082254
0 0.394952 0.212759 0.006250 0.011010
0 0.367548 0.214378 0.012981 0.014249
0 0.383654 0.167098 0.007692 0.010363
0 0.490865 0.181995 0.005769 0.010363
0 0.565385 0.219236 0.006731 0.008420
0 0.414904 0.305376 0.007692 0.011010
0 0.384375 0.322215 0.005288 0.005829
1 0.156010 0.193005 0.011058 0.014249
1 0.422115 0.606541 0.014423 0.020078
1 0.185817 0.074806 0.018750 0.027850
