0 0.073558 0.069948 0.063462 0.101036
0 0.263462 0.556347 0.054808 0.068653
0 0.474279 0.533355 0.049519 0.071891
0 0.525721 0.537241 0.046635 0.069301
0 0.690385 0.382772 0.046154 0.063472
0 0.872356 0.635687 0.051442 0.073187
0 0.971875 0.729598 0.042788 0.075777
0 0.076683 0.738990 0.052404 0.069948
0 0.146635 0.744495 0.053846 0.074482
0 0.458173 0.806347 0.055769 0.071244
0 0.508413 0.829339 0.059135 0.073187
0 0.353606 0.224417 0.052404 0.071891
0 0.968269 0.561852 0.052885 0.074482
0 0.108173 0.409974 0.050000 0.064767
0 0.157452 0.443977 0.049519 0.061528
0 0.077885 0.474741 0.060577 0.071244
0 0.201923 0.381153 0.052885 0.074482
