0 0.409375 0.437824 0.054327 0.072539
0 0.316346 0.769754 0.040385 0.055052
0 0.125481 0.471503 0.049038 0.062176
3 0.622596 0.723769 0.006731 0.008420
3 0.963462 0.787889 0.004808 0.008420
3 0.254808 0.801166 0.013462 0.019430
3 0.392548 0.754858 0.004327 0.007124
3 0.713942 0.150907 0.010577 0.010363
3 0.817788 0.129858 0.004808 0.005829
3 0.962500 0.115609 0.002885 0.004534
3 0.959375 0.142163 0.003365 0.004534
3 0.948798 0.151231 0.003365 0.004534
3 0.926683 0.161917 0.002404 0.003886
3 0.946875 0.168070 0.004327 0.005829
3 0.967788 0.159650 0.004808 0.005829
