0 0.784135 0.479922 0.052885 0.069948
3 0.299760 0.274611 0.005288 0.007772
3 0.289904 0.286269 0.003846 0.005181
3 0.387260 0.235751 0.004327 0.006477
3 0.401683 0.263601 0.004327 0.006477
3 0.332452 0.335168 0.004327 0.005829
3 0.347115 0.332902 0.008654 0.006477
3 0.362740 0.348769 0.004327 0.005829
3 0.311538 0.371438 0.004808 0.005829
3 0.183413 0.329663 0.006250 0.009067
3 0.247596 0.421956 0.005769 0.007124
3 0.202163 0.438148 0.006250 0.007124
3 0.171635 0.173899 0.005769 0.007124
3 0.173317 0.203692 0.003365 0.005829
3 0.176442 0.233484 0.003846 0.005829
3 0.256731 0.103951 0.006731 0.008420
3 0.246394 0.216645 0.004327 0.007124
3 0.228365 0.226684 0.003846 0.006477
3 0.310337 0.231541 0.003365 0.007124
3 0.322356 0.212111 0.004327 0.007124
3 0.379567 0.194624 0.005288 0.007124
3 0.375481 0.160622 0.003846 0.006477
3 0.100962 0.089054 0.004808 0.005829
3 0.117308 0.051490 0.004808 0.005829
3 0.248798 0.017487 0.006250 0.007772
3 0.271635 0.034003 0.003846 0.005829
3 0.242308 0.072215 0.004808 0.007124
0 0.127644 0.545984 0.052404 0.068653
3 0.124519 0.577073 0.006731 0.006477
3 0.213221 0.784650 0.004327 0.007124
3 0.224279 0.810233 0.007212 0.009067
3 0.242788 0.829339 0.005769 0.007124
3 0.266587 0.821891 0.004327 0.006477
3 0.323798 0.780117 0.007212 0.008420
3 0.342788 0.775259 0.003846 0.006477
3 0.386779 0.787889 0.005288 0.007124
3 0.366106 0.807966 0.005288 0.007124
3 0.081490 0.805052 0.004327 0.006477
3 0.072596 0.723122 0.004808 0.005829
3 0.051923 0.614961 0.003846 0.004534
3 0.043029 0.732189 0.003365 0.005829
3 0.322596 0.531088 0.004808 0.009067
3 0.210577 0.526878 0.004808 0.005829
3 0.278365 0.577073 0.005769 0.006477
3 0.303365 0.575777 0.003846 0.006477
3 0.324038 0.498705 0.002885 0.005181
3 0.344952 0.511658 0.004327 0.005181
3 0.372837 0.516192 0.006250 0.007772
3 0.311779 0.427785 0.003365 0.004534
3 0.335096 0.452720 0.004808 0.006477
3 0.364183 0.432642 0.004327 0.006477
3 0.443990 0.462435 0.003365 0.005181
3 0.431250 0.488342 0.002885 0.006477
3 0.422837 0.514896 0.008173 0.010363
3 0.502404 0.569624 0.006731 0.009715
3 0.520913 0.612370 0.004327 0.005829
3 0.364904 0.586788 0.004808 0.006477
3 0.406731 0.629210 0.003846 0.005829
3 0.429567 0.646049 0.004327 0.005829
3 0.437740 0.633744 0.003365 0.005829
3 0.587740 0.807319 0.008173 0.011010
3 0.501683 0.694624 0.005288 0.007124
3 0.514663 0.655764 0.004327 0.007124
3 0.456971 0.685557 0.004327 0.008420
3 0.377404 0.696567 0.002885 0.005829
3 0.526683 0.977008 0.007212 0.008420
3 0.581010 0.938795 0.005288 0.007124
3 0.514423 0.834197 0.003846 0.006477
3 0.753606 0.814443 0.005288 0.007124
3 0.724760 0.910622 0.004327 0.003886
3 0.809135 0.869819 0.002885 0.006477
0 0.309856 0.965350 0.052404 0.069301
0 0.913942 0.073187 0.053846 0.073834
3 0.013462 0.362370 0.004808 0.007124
3 0.020913 0.340674 0.004327 0.006477
3 0.042788 0.322863 0.003846 0.004534
3 0.008654 0.276231 0.003846 0.005829
3 0.012981 0.478627 0.003846 0.005181
3 0.267067 0.973446 0.004327 0.007772
3 0.306490 0.988666 0.004327 0.007124
3 0.996394 0.905764 0.007212 0.014896
3 0.164423 0.277202 0.005769 0.009067
3 0.185337 0.281736 0.006250 0.007772
3 0.311779 0.344560 0.004327 0.007772
3 0.308173 0.107513 0.005769 0.007772
3 0.314423 0.093264 0.004808 0.007772
3 0.281731 0.022668 0.003846 0.006477
