0 0.019712 0.244495 0.038462 0.074482
0 0.045913 0.332254 0.051442 0.076425
0 0.298317 0.127267 0.049519 0.064119
0 0.580048 0.595855 0.051442 0.071244
0 0.759615 0.987047 0.059615 0.025907
0 0.425240 0.930376 0.045673 0.065415
0 0.380288 0.924223 0.042308 0.059585
0 0.379567 0.636982 0.056250 0.077073
0 0.076683 0.499676 0.056250 0.083549
0 0.099038 0.377915 0.053846 0.078368
0 0.973317 0.297604 0.053365 0.071891
0 0.222356 0.875000 0.054327 0.073834
0 0.351442 0.105246 0.050962 0.069301
0 0.915144 0.269106 0.061058 0.078368
1 0.021635 0.021697 0.011538 0.014896
1 0.108413 0.024935 0.012019 0.014896
1 0.088221 0.031736 0.008173 0.011658
1 0.037981 0.046956 0.008654 0.011010
1 0.032692 0.082902 0.009615 0.012953
1 0.117067 0.092940 0.009135 0.012306
1 0.085096 0.104922 0.009615 0.012953
1 0.074038 0.142811 0.010577 0.012306
1 0.030048 0.148964 0.011058 0.012953
1 0.095433 0.159974 0.011058 0.014249
1 0.143990 0.148316 0.013942 0.018135
1 0.102885 0.132772 0.009615 0.014249
1 0.111538 0.112694 0.008654 0.011658
1 0.101923 0.105246 0.008654 0.009715
1 0.131250 0.086464 0.008654 0.012306
1 0.140385 0.052785 0.007692 0.009715
1 0.211538 0.041775 0.006731 0.009715
1 0.198077 0.088407 0.011538 0.014896
1 0.156250 0.102008 0.008654 0.011010
1 0.217308 0.103951 0.007692 0.011010
1 0.182692 0.158355 0.011538 0.017487
1 0.251442 0.114637 0.006731 0.009067
1 0.128125 0.177461 0.010096 0.012953
1 0.107452 0.225065 0.013942 0.018782
1 0.129567 0.246762 0.010096 0.011658
1 0.174038 0.225389 0.011538 0.015544
1 0.209615 0.230894 0.017308 0.023964
1 0.184856 0.257448 0.010096 0.013601
1 0.172596 0.270078 0.007692 0.010363
1 0.263942 0.264573 0.008654 0.011010
1 0.278365 0.217617 0.013462 0.016839
1 0.258413 0.175842 0.011058 0.014896
1 0.231010 0.170337 0.009135 0.012953
1 0.203846 0.193653 0.007692 0.011658
1 0.303606 0.247409 0.012019 0.016839
1 0.281731 0.250000 0.006731 0.009067
1 0.307933 0.195596 0.007212 0.009067
1 0.422837 0.234780 0.012981 0.018782
1 0.412740 0.216645 0.007212 0.009715
1 0.376923 0.249028 0.008654 0.012306
1 0.363221 0.300194 0.012981 0.020078
1 0.301442 0.294365 0.009615 0.012306
1 0.289904 0.284650 0.006731 0.008420
1 0.277644 0.289184 0.007212 0.011010
1 0.247596 0.285946 0.011538 0.014896
1 0.204327 0.282060 0.006731 0.008420
1 0.217788 0.349093 0.012500 0.018135
1 0.184615 0.353627 0.011538 0.014249
1 0.254567 0.355570 0.012981 0.018135
1 0.255288 0.312824 0.009615 0.012953
1 0.287019 0.335492 0.013462 0.018135
1 0.307212 0.332902 0.009615 0.014249
1 0.325000 0.328044 0.006731 0.009715
1 0.340144 0.325777 0.007212 0.009067
1 0.341106 0.348446 0.010096 0.015544
1 0.379327 0.332254 0.005769 0.007772
1 0.390625 0.302137 0.008173 0.012306
1 0.431490 0.283355 0.007212 0.011010
1 0.429567 0.311852 0.007212 0.009715
1 0.410817 0.348769 0.011058 0.016192
1 0.389183 0.344883 0.006250 0.008420
1 0.449279 0.352332 0.007212 0.011658
1 0.361298 0.378886 0.011058 0.016839
1 0.377644 0.378886 0.009135 0.012953
1 0.368750 0.403497 0.011538 0.018135
1 0.441106 0.390220 0.009135 0.013601
1 0.398798 0.436852 0.012981 0.017487
1 0.404567 0.502267 0.012019 0.017487
1 0.427644 0.475389 0.007212 0.010363
1 0.448077 0.469883 0.011538 0.012306
1 0.431250 0.453692 0.006731 0.008420
1 0.439663 0.444624 0.007212 0.009715
1 0.326202 0.378562 0.013942 0.017487
1 0.317308 0.389573 0.007692 0.011010
1 0.282933 0.382124 0.008173 0.010363
1 0.240144 0.371114 0.008173 0.011658
1 0.236538 0.389896 0.009615 0.012953
1 0.234615 0.423575 0.010577 0.015544
1 0.259615 0.425194 0.006731 0.009715
1 0.272356 0.436528 0.006250 0.010363
1 0.284615 0.402526 0.009615 0.013601
1 0.312981 0.427461 0.011538 0.014249
1 0.328606 0.424870 0.009135 0.011658
1 0.314904 0.456606 0.007692 0.010363
1 0.292067 0.479922 0.008173 0.011658
1 0.325721 0.490285 0.011058 0.015544
1 0.309856 0.499352 0.008173 0.010363
1 0.341587 0.481865 0.009135 0.012953
1 0.343750 0.463731 0.006731 0.009067
1 0.356971 0.457902 0.009135 0.012953
1 0.364423 0.472798 0.008654 0.011658
1 0.359856 0.490285 0.012019 0.016839
1 0.329808 0.525907 0.012500 0.019430
1 0.347596 0.541127 0.008654 0.012306
1 0.368750 0.555699 0.006731 0.010363
1 0.369712 0.569948 0.005769 0.009067
1 0.393750 0.521373 0.013462 0.018135
1 0.424279 0.584521 0.010096 0.013601
1 0.432452 0.599093 0.011058 0.016839
1 0.450962 0.556671 0.016346 0.022668
1 0.433413 0.515220 0.007212 0.008420
1 0.434375 0.491256 0.006250 0.009715
1 0.444471 0.502267 0.009135 0.012306
1 0.481490 0.463407 0.008173 0.009715
1 0.474519 0.429728 0.007692 0.008420
1 0.488942 0.475065 0.005769 0.008420
1 0.497115 0.434909 0.008654 0.012306
1 0.497115 0.410946 0.006731 0.008420
1 0.503125 0.379534 0.007212 0.010363
1 0.488221 0.346503 0.009135 0.012953
1 0.467548 0.288536 0.006250 0.009715
1 0.512500 0.462435 0.008654 0.012953
1 0.474519 0.555052 0.007692 0.011658
1 0.465385 0.584197 0.008654 0.011658
1 0.491587 0.563472 0.011058 0.015544
1 0.506971 0.537565 0.012981 0.018135
1 0.520433 0.492876 0.008173 0.012953
1 0.549279 0.472798 0.009135 0.011658
1 0.536779 0.459521 0.006250 0.009715
1 0.548798 0.438148 0.006250 0.008420
1 0.562981 0.413212 0.008654 0.011658
1 0.559615 0.447539 0.005769 0.007772
1 0.585337 0.471826 0.006250 0.008420
1 0.541346 0.513277 0.008654 0.011010
1 0.531010 0.520725 0.011058 0.015544
1 0.579567 0.336140 0.007212 0.011658
1 0.573798 0.392811 0.005288 0.007124
1 0.482692 0.604275 0.011538 0.015544
1 0.488702 0.621114 0.008173 0.011658
1 0.494952 0.638925 0.006250 0.009715
1 0.503606 0.595207 0.012981 0.019430
1 0.517788 0.578044 0.008654 0.012306
1 0.544952 0.571244 0.006250 0.012953
1 0.526683 0.620466 0.006250 0.006477
1 0.536538 0.619819 0.004808 0.006477
1 0.590865 0.445272 0.014423 0.020078
1 0.634856 0.465350 0.009135 0.011010
1 0.622356 0.499028 0.010096 0.014896
1 0.589663 0.536269 0.012019 0.015544
1 0.598317 0.514249 0.006250 0.009067
1 0.567067 0.549223 0.007212 0.010363
1 0.562740 0.581282 0.011058 0.013601
1 0.575962 0.577720 0.008654 0.011658
1 0.615865 0.558614 0.010577 0.012306
1 0.460577 0.642811 0.011538 0.017487
1 0.487981 0.668718 0.010577 0.014896
1 0.462260 0.675194 0.009135 0.013601
1 0.516106 0.674223 0.010096 0.014249
1 0.527644 0.648316 0.013942 0.022021
1 0.549519 0.658031 0.011538 0.019430
1 0.564663 0.661917 0.014904 0.024611
1 0.609856 0.636982 0.013942 0.021373
1 0.570673 0.609456 0.011538 0.018135
1 0.590385 0.598446 0.006731 0.010363
1 0.600962 0.592940 0.006731 0.009715
1 0.631490 0.554404 0.006250 0.007772
1 0.639183 0.533355 0.006250 0.009715
1 0.648077 0.525259 0.008654 0.011658
1 0.702885 0.510687 0.008654 0.011010
1 0.695433 0.527850 0.007212 0.010363
1 0.654808 0.548575 0.005769 0.009067
1 0.653606 0.579339 0.010096 0.012306
1 0.671635 0.577396 0.007692 0.012306
1 0.697115 0.584845 0.019231 0.023316
1 0.732212 0.607189 0.006731 0.009715
1 0.711298 0.631153 0.009135 0.013601
1 0.669712 0.618847 0.010577 0.014896
1 0.649760 0.641516 0.009135 0.011010
1 0.594231 0.726684 0.008654 0.011658
1 0.609615 0.685881 0.009615 0.015544
1 0.655048 0.660622 0.009135 0.014249
1 0.653125 0.687824 0.009135 0.011658
1 0.669471 0.683938 0.016827 0.024611
1 0.688462 0.682966 0.009615 0.012306
1 0.737260 0.664184 0.012019 0.017487
1 0.724279 0.693977 0.010096 0.016192
1 0.670913 0.730246 0.012981 0.017487
1 0.659615 0.752267 0.010577 0.014896
1 0.626202 0.707578 0.011058 0.017487
1 0.611779 0.732189 0.011058 0.014896
1 0.614663 0.757124 0.013942 0.020725
1 0.576683 0.738990 0.018750 0.025907
1 0.565625 0.691062 0.012981 0.018135
1 0.487260 0.712759 0.014904 0.018782
1 0.517308 0.723446 0.007692 0.010363
1 0.518990 0.737370 0.010096 0.012306
1 0.530769 0.743523 0.008654 0.011658
1 0.538462 0.740933 0.006731 0.012953
1 0.553365 0.763277 0.007692 0.012306
1 0.569231 0.770725 0.007692 0.011658
1 0.556010 0.793394 0.011058 0.016839
1 0.530529 0.781412 0.012981 0.020078
1 0.590144 0.787889 0.009135 0.012306
1 0.599038 0.810557 0.011538 0.018782
1 0.614904 0.823510 0.008654 0.012306
1 0.629808 0.840674 0.011538 0.016839
1 0.655048 0.817358 0.015865 0.022021
1 0.675721 0.815091 0.007212 0.011010
1 0.683654 0.794689 0.006731 0.010363
1 0.683894 0.764896 0.005288 0.007772
1 0.708413 0.768782 0.009135 0.012953
1 0.707212 0.817681 0.013462 0.020078
1 0.675962 0.839054 0.007692 0.008420
1 0.688221 0.831930 0.006250 0.007124
1 0.692788 0.861723 0.006731 0.009715
1 0.662500 0.878562 0.011538 0.017487
1 0.681490 0.897021 0.010096 0.016839
1 0.717548 0.856218 0.010096 0.015544
1 0.730288 0.840674 0.010577 0.012953
1 0.751202 0.823510 0.011058 0.016192
1 0.746394 0.775907 0.012981 0.020725
1 0.584375 0.281412 0.009135 0.011010
1 0.288702 0.141839 0.006250 0.009067
1 0.304087 0.150907 0.007212 0.009067
3 0.330529 0.151231 0.004327 0.005829
3 0.067067 0.276878 0.005288 0.007124
3 0.008413 0.542098 0.006250 0.007772
3 0.109135 0.533679 0.005769 0.006477
3 0.022596 0.608484 0.006731 0.009715
1 0.072356 0.499352 0.007212 0.010363
1 0.718510 0.464054 0.010096 0.014896
3 0.802163 0.491256 0.005288 0.007124
3 0.951202 0.650907 0.004327 0.006477
0 0.205288 0.607837 0.043269 0.058938
0 0.165144 0.553756 0.040865 0.054404
0 0.113702 0.598769 0.037019 0.057642
0 0.054087 0.608808 0.053365 0.055699
0 0.012500 0.655764 0.024038 0.044689
0 0.013221 0.579339 0.025481 0.053756
0 0.121394 0.533679 0.030288 0.038860
0 0.043510 0.453692 0.041827 0.053756
0 0.882452 0.582578 0.061058 0.075777
0 0.259615 0.758096 0.049038 0.066710
0 0.537260 0.904793 0.082212 0.073834
